10
11
12
13
20
21
22
23
24
25
26
27
28
29
30
31
32
33
34
35
91
92
93
94
95
96
97
100
101
102
103
104
105
106
107
108
109
110
120
121
122
123
124
125
126
127
128
129
130
131
132
133
134
140
141
160
161
162
163
200
201
202
203
204
205
206
207
208
209
210
211
212
213
214
215
216
217
218
219
300
301
302
303
304
305
306
307
308
350
351
352
353
354
355
356
400
401
402
403
404
405
406
407
408
409
410
411
412
413
450
451
452
453
454
455
456
457
458
459
460
461
462
463
464
465
466
467
468
469
470
471
472
473
474
475
476
477
478
479
480
481
482
483
484
485
486
487
600
601
602
603
604
605
606
650
651
652
653
654
660
661
670
671
675
676
700
701
702
703
704
705
706
707
720
721
722
723
800
801
802
803
804
805
806
807
808
809
810
811
812
813
814
815
816
817
818
819
820
821
822
823
824
825
826
827
828
829
830
831
832
833
834
835
836
837
838
839
840
841
842
843
844
845
846
847
848
849
850
851
852
853
854
855
856
857
858
859
860
861
862
863
864
865
866
867
868
869
870
871
872
873
874
875
876
877
878
879
880
881
882
883
884
885
886
887
888
889
890
891
892
893
894
895
896
897
898
899
900
901
902
903
904
905
906
907
908
909
910
911
912
913
914
915
916
917
918
919
920
921
922
923
924
925
926
927
928
929
930
931
932
933
934
935
936
937
938
939
1000
1001
1002
1003
1004
1005
1006
1007
1008
1050
1051
1052
1053
1060
1061
1062
1063
1064
1065
1066
1067
1068
1069
1100
1101
1102
1103
1104
1105
1106
1107
1108
1109
1124
1125
1126
1127
1128
1129
1130
1131
1132
1133
1134
1135
1140
1141
1142
1143
1144
1150
1151
1152
1153
1154
1155
1156
1157
1158
1159
1160
1161
1162
1163
1164
1165
1166
1167
1168
1169
1200
1201
1202
1400
1401
1402
1410
1411
1412
1415
1416
1417
1420
1421
1422
1425
1426
1427
1450
1451
1490
1491
1492
1493
1494
1495
1500
1501
1502
1503
1504
1505
1506
1507
1508
1509
1510
1511
1512
1513
1514
1515
1516
1520
1521
1522
1523
1524
1530
1531
1532
1533
1534
1535
1536
1537
1538
1539
1540
1541
1542
1543
1544
1545
1546
1547
1548
1549
1550
1551
1552
1553
1554
1555
1556
1557
1558
1559
1560
1561
1562
1563
1564
1565
1566
1567
1570
1571
1572
1573
1574
1575
1576
1577
1578
1579
1580
1581
1582
1583
1584
1585
1586
1587
1588
1589
1590
1591
1592
1593
1594
1600
1601
1602
1603
1604
1605
1606
1607
1608
1609
1610
1611
1612
1613
1614
1615
1616
1617
1618
1619
1620
1621
1622
1623
1624
1625
1626
1627
1628
1629
1630
1631
1632
1633
1634
1635
1636
1637
1638
1639
1640
1641
1642
1643
1644
1645
1690
1691
1692
1700
1701
1702
1703
1704
1705
1706
1707
1708
1709
1710
1711
1712
1713
1714
1715
1716
1717
1718
1719
1720
1721
1750
1751
1752
1753
1754
1755
1756
1757
1758
1759
1760
1770
1771
1772
1773
1774
1775
1776
1777
1778
1779
1780
1781
1782
1783
1784
1785
1786
1787
1788
1789
1790
1791
1792
1793
1794
1795
1796
1800
1801
1802
1803
1804
1805
1806
1807
1808
1809
1810
1850
1851
1852
1853
1854
1855
1856
1857
1858
1859
1860
1880
1881
1882
1883
1900
1901
1902
1903
1904
1905
1906
1907
1908
1909
1910
1911
1912
1913
1914
1915
1916
1917
1918
1919
1920
1921
1922
1923
1924
1925
1926
1927
1928
1929
1930
1931
1932
1933
1934
1935
1936
1950
1951
1952
1953
1954
1955
1956
1957
1958
1959
1960
2000
2001
2002
2004
2005
2006
2007
2008
2009
2010
2011
2012
2013
2014
2020
2021
2022
2023
2024
2025
2026
2027
2028
2029
2030
2031
2032
2033
2034
2035
2036
2037
2038
2039
2040
2041
2042
2043
2044
2045
2046
2047
2048
2049
2050
2051
2052
2053
2054
2055
2056
2057
2058
2059
2060
2061
2062
2100
2101
2102
2103
2104
2105
2106
2107
2108
2109
2110
2111
2112
2113
2114
2115
2116
2117
2118
2119
2120
2200
2201
2202
2203
2204
2205
2250
2251
2252
2253
2254
2255
2256
2300
2301
2302
2303
2304
2305
2306
2307
2308
2309
2310
2311
2312
2313
2314
2315
2316
2317
2318
2319
2320
2321
2322
2323
2324
2325
2350
2351
2352
2353
2354
2355
2356
2357
2358
2359
2360
2361
2362
2363
2364
2365
2366
2367
2368
2369
2370
2371
2372
2373
2374
2375
2376
2377
2378
2379
2380
2500
2501
2502
2503
2504
2505
2506
2507
2508
2509
2510
2511
2512
2513
2514
2515
2516
2517
2518
2519
2520
2521
2522
2523
2524
2525
2526
2527
2528
2529
2530
2531
2532
2533
2534
2535
2536
2537
2538
2539
2540
2541
2542
2543
2544
2545
2546
2547
2548
2549
2550
2551
2552
2553
2554
2555
2556
2557
2558
2559
2560
2561
2562
2563
2564
2565
2566
2567
2568
2569
2570
2571
2572
2573
2574
2600
2601
2602
2603
2604
2605
2606
2607
2608
2609
2610
2611
2612
2613
2614
2900
2901
2902
2903
2904
2905
2906
2907
2908
2909
2910
2911
2912
2913
2914
2915
2916
2917
2918
2919
2920
2921
2922
2923
2924
3000
3001
3002
3003
3004
3005
3006
3007
3008
3009
3010
3030
3031
3032
3050
3051
3052
3053
3054
3055
3056
3057
3058
3100
3101
3102
3103
3150
3151
3152
3153
3154
3155
3156
3200
3201
3202
3203
3204
3205
3206
3207
3208
3209
3210
3211
3212
3213
3214
3215
3216
3217
3218
3219
3220
3221
3222
3223
3224
3225
3226
3227
3228
3300
3301
3302
3303
3304
3305
3306
3307
3308
3309
3310
3311
3312
3313
3314
3315
3316
3317
3318
3319
3320
3321
3322
3323
3324
3325
3326
3327
3330
3331
3332
3333
3334
3335
3336
3337
3340
3341
3342
3343
3344
3345
3346
3347
3348
3350
3351
3352
3353
3354
3355
3356
3357
3358
3359
3375
3376
3377
3378
3379
3380
3381
3382
3383
3384
3385
3386
3387
3388
3390
3391
3392
3393
3394
3395
3396
3397
3400
3401
3402
3403
3404
3405
3406
3407
3408
3409
3410
3411
3412
3413
3414
3415
3416
3417
3450
3451
3452
3455
3456
3457
3469
3470
3471
3472
3473
3474
3475
3476
3477
3478
3479
3480
3481
3482
3483
3484
3485
3486
3487
3488
3489
3490
3491
3492
3493
3494
3495
3496
3497
3498
3500
3501
3502
3503
3504
3505
3506
3507
3508
3509
3510
3511
3512
3513
3514
3515
3516
3517
3518
3519
3520
3521
3522
3523
3524
3525
3526
3600
3601
3602
3603
3604
3605
3606
3607
3608
3609
3610
3611
3700
3701
3702
3703
3704
3705
3706
3707
3708
3709
3710
3750
3751
3752
3753
3754
3755
3756
3800
3801
3802
3803
3804
3805
3806
3807
3808
3809
3810
3811
3812
3813
3814
3815
3816
3817
3818
3819
3820
3821
3822
3823
3824
3825
3826
3827
3828
3829
3830
3831
3832
3833
3834
3835
3836
3837
3838
3839
3840
3841
3842
3843
3844
3845
3846
3847
3848
3849
3850
3851
3852
3853
3854
3855
3856
3857
3858
3859
3900
3950
3951
3952
3953
3954
3955
3956
3957
4000
4001
4002
4003
4004
4005
4006
4007
4008
4009
4010
4011
4012
4013
4014
4015
4016
4017
4018
4019
4020
4021
4022
4023
4024
4025
4026
4027
4028
4029
4030
4031
4032
4033
4034
4035
4036
4037
4038
4039
4040
4041
4042
4043
4044
4045
4046
4047
4048
4049
4050
4051
4052
4053
4054
4055
4056
4057
4058
4059
4060
4061
4062
4063
4064
4065
4066
4067
4068
4069
4070
4071
4072
4073
4074
4075
4076
4077
4078
4079
4080
4081
4082
4083
4084
4085
4086
4087
4088
4089
4090
4091
4092
4093
4094
4095
4096
4097
4098
4099
4100
4101
5000
5001
5002
5003
5004
5005
5006
5007
5008
5010
5011
5012
5013
5014
5015
5016
5017
5018
5050
5051
5052
5053
5054
5055
5056
5057
5100
5101
5102
5200
5201
5202
5203
5204
5210
5211
5227
5228
5229
5230
5231
5232
5233
5234
5235
5250
5251
5252
5253
5254
5255
5256
5257
5258
5259
5260
5261
5262
5263
5264
5265
5266
5267
5268
5269
5270
5271
5272
5273
5274
5275
5276
5300
5301
5302
5303
5304
5305
5306
5307
5308
5309
5310
5311
5312
5313
5314
5315
5316
5317
5500
5501
5502
5503
5504
5505
5506
5507
5508
5509
5510
5511
5512
5513
5514
5515
5516
5517
5518
5519
5520
5521
5522
5523
5524
5525
5526
5527
5528
5529
5530
5531
5532
5533
5534
6000
6001
6002
6003
6004
6005
6006
6007
6008
6009
6010
6011
6012
6013
6014
6015
6016
6017
6018
6019
6020
6021
6022
6023
6024
6025
6026
6027
6028
6029
6030
6031
6032
6033
6034
6035
6036
6037
6038
6039
6040
6041
6042
6043
6044
6045
6046
6047
6048
6049
6050
6051
6052
6053
6054
6055
6056
6057
6058
6059
6060
6061
6062
6063
6064
6065
6066
6067
6068
6069
6070
6071
6072
6073
6074
6075
6076
6077
6078
6079
6080
6081
6082
6083
6084
6085
6086
6087
6088
6089
6090
6091
6092
6093
6094
6095
6096
6097
6098
6099
6100
6101
6102
6103
6104
6105
6106
6107
6108
6109
6110
6111
6112
6113
6114
6115
6116
6117
6118
6119
6120
6121
6122
6123
6124
6125
6126
6127
7000
7001
7002
7003
7004
7005
7006
7007
7008
7009
7030
7031
7032
7033
7034
7035
7036
7040
7041
7050
7051
7052
7053
7054
7055
7056
7070
7071
7072
7073
7074
7075
7076
7077
7078
7079
7090
7091
7092
7093
7094
7095
7096
7097
7098
7099
7100
7120
7121
7122
7123
7124
7125
7126
7127
7128
7129
7140
7141
7142
7143
7144
7145
7146
7160
7161
7162
7163
7164
7165
7166
7167
7168
7169
7170
7171
7172
7173
7174
7175
7176
7177
7178
7179
7180
7181
7182
7183
7184
7185
7186
7187
7188
7189
7190
7191
7192
7193
7194
7195
7196
7197
8000
8001
8002
8003
8004
8005
8006
8007
8008
8009
8010
8011
8012
8013
8014
8015
8016
8017
8018
8019
8020
8021
8022
8023
8024
8025
8026
8027
8028
8029
8030
8031
8032
8033
8034
8035
8036
8037
8038
8039
8040
8041
8042
8043
8044
8045
8046
8047
8048
8049
8050
8051
8052
8053
8054
8055
8056
8057
8058
8059
8060
8061
8062
8063
8064
8065
8066
8067
8068
8069
8070
8071
8072
8073
8074
8075
8076
8077
8078
8079
8080
8081
8082
8083
8084
8085
8086
8087
8088
8089
8090
8091
8092
8093
8094
8095
8096
8097
8098
8099
8100
8101
8102
8103
8104
8105
8106
8107
8108
8109
8110
8111
8112
8113
8114
8115
8116
8117
8118
8119
8120
8121
8122
8123
8124
8125
8126
8127
8128
8129
8130
8131
8132
8133
8134
8135
8136
8137
8138
8139
8140
8141
8142
8143
8144
8145
8146
8147
8148
8149
8150
8151
8152
8153
8154
8155
8156
8157
8158
8159
8160
8161
8162
8163
8164
8165
8166
8167
8168
8169
8170
8171
8172
8173
8174
8175
8176
8177
8178
8179
8180
8181
8182
8183
8184
8185
8186
8187
8188
8189
8190
8191
8192
8193
8194
8195
8196
8197
8198
8199
8200
8201
8202
8203
8204
8205
8206
8207
8208
8209
8210
8211
8212
8213
8214
8215
8216
8217
8218
8219
8220
8221
8222
8223
8224
8225
8226
8227
8228
8229
8230
8231
8232
8233
8234
8235
8236
8237
8238
8239
8240
8241
8242
8243
8244
8245
8246
8247
8248
8249
8250
8251
8252
8253
8254
8255
8256
8257
8258
8259
8260
8261
8262
8263
8264
8265
8266
8267
8268
8269
8270
8271
8272
8273
8274
8275
8276
8277
8278
8279
8280
8281
8282
8283
8284
8285
8286
8287
8288
8289
8290
8291
8292
8293
8294
8295
8296
8297
8298
8299
8300
8301
8302
8303
8304
8305
8306
8307
8308
8309
8310
8311
8312
8313
8314
8315
8316
8317
8318
8319
8320
8321
8322
8323
8324
8325
8326
8327
8328
8329
8330
8331
8332
8333
8334
8900
8901
8902
8903
8904
8905
8906
8907
8908
8909
8910
8911
8912
8913
8914
8915
8916
8917
8918
8919
8920
8921
8922
8923
8924
8925
8926
8927
8928
8929
8930
8931
8932
8990
8991
8992
8993
8994
8996
8997
8998
9000
9001
9002
9003
9004
9005
9006
9007
9008
9009
9010
9011
9012
9013
9014
9015
9016
9017
9018
9019
9020
9021
9022
9023
9024
9025
9026
9027
9028
9029
9030
9031
9032
9033
9034
9035
9036
9037
9038
9039
9040
9041
9042
9043
9044
9045
9046
9047
9048
9049
9100
9101
9102
9103
9104
9105
9106
9107
9108
9109
9110
9111
9112
9113
9114
9115
9116
9117
9118
9119
9120
9121
9122
9123
9124
9125
9126
9127
9128
9129
9130
9131
9132
9133
9134
9135
9136
9137
9138
9139
9140
9141
9142
9143
9144
9145
9146
9147
9148
9149
9150
9151
9152
9153
9154
9155
9156
9157
9158
9159
9160
9161
9162
9163
9164
9165
9166
9167
9168
9169
9200
9201
9202
9203
9204
9205
9206
9207
9208
9209
9210
9211
9212
9213
9214
9215
9216
9217
9218
9219
9220
9221
9222
9223
9224
9225
9226
9227
9228
9229
9230
9231
9232
9233
9234
9235
9236
9237
9238
9239
9240
9241
9242
9243
9244
9245
9246
9247
9248
9249
9250
9251
9252
9253
9254
9255
9256
9257
9258
9259
9300
9301
9302
9303
9304
9305
9306
9307
9308
9309
9310
9311
9312
9313
9314
9315
9316
9317
9318
9319
9320
9321
9322
9323
9324
9325
9326
9327
9328
9329
9330
9331
9332
9333
9334
9335
9336
9337
9338
9339
9340
9341
9342
9343
9344
9345
9346
9347
9348
9349
9350
9351
9352
9353
9354
9355
9356
9357
9358
9359
9360
9361
9362
9363
9364
9365
9366
9367
9368
9369
9370
9371
9372
9373
9374
9375
9376
9377
9378
9379
9380
9381
9382
9383
9384
9385
9386
9387
9388
9389
9390
9391
9392
9393
9394
9400
9401
9402
9403
9404
9405
9406
9407
9408
9409
9410
9411
9412
9413
9414
9415
9416
9417
9418
9419
9420
9421
9422
9423
9424
9425
9426
9427
9428
9429
9430
9431
9432
9433
9434
9435
9436
9437
9438
9439
9440
9441
9442
9443
9444
9445
9446
9447
9448
9449
9450
9451
9452
9453
9454
9455
9456
9457
9458
9459
9460
9461
9462
9463
9464
9500
9501
9502
9503
9504
9505
9506
9507
9508
9509
9510
9511
9512
9513
9514
9515
9516
9517
9518
9519
9520
9521
9522
9523
9524
9525
9526
9527
9528
9529
9530
9531
9532
9533
9534
9535
9536
9537
9538
9539
9540
9541
9542
9543
9544
9545
9546
9547
9548
9549
9550
9551
9552
9553
9554
9555
9556
9557
9558
9559
9560
9561
9562
9563
9564
9565
9566
9567
9568
9569
9570
9571
9572
9573
9574
9575
9576
9577
9578
9579
9580
9581
9582
9583
9584
9585
9586
9587
9588
9589
9590
9591
9592
9593
9594
9600
9601
9602
9603
9604
9605
9606
9607
9608
9609
9610
9611
9612
9613
9614
9615
9616
9617
9618
9619
9620
9621
9622
9623
9624
9625
9626
9627
9628
9629
9630
9631
9632
9633
9634
9635
9636
9637
9638
9639
9640
9641
9642
9643
9644
9645
9646
9647
9648
9649
9650
9651
9652
9653
9654
9655
9656
9657
9658
9659
9660
9661
9662
9663
9664
9665
9666
9667
9668
9669
9670
9671
9672
9673
9674
9675
9676
9677
9678
9679
9680
9681
9682
9683
9684
9685
9686
9687
9688
9689
9690
9691
9692
9693
9694
9695
9696
9697
9698
9699
9700
9701
9702
9703
9704
9705
9706
9707
9708
9709
9710
9711
9712
9713
9714
9800
9801
9802
9803
9804
9805
9806
9807
9808
9809
9810
9811
9812
9813
9814
9815
9816
9817
9818
9819
9820
9821
9822
9823
9824
9825
9826
9827
9828
9829
9830
9831
9832
9833
9834
9835
9836
9837
9838
9839
9840
9841
9842
9843
9844
9845
9846
9847
9848
9849
9850
9851
9852
9853
9854
9855
9856
9857
9858
9859
9860
9861
9862
9863
9864
9900
9901
9902
9903
9904
9905
9906
9907
9908
9909
9910
9911
9912
9913
9914
9915
9916
9917
9918
9919
9920
9921
9922
9923
9924
9925
9926
9927
9928
9929
9930
9931
9932
9933
9934
9935
9936
9937
9938
9939
9940
9941
9942
9943
9944
9945
9946
9947
9948
9949
9950
9951
9952
9953
9954
9955
9956
9957
9958
9959
9960
9961
9962
9963
9964
9965
9966
9967
9968
9969
10000
10001
10002
10003
10004
10005
10006
10007
10008
10009
10010
10011
10012
10013
10014
10015
10016
10017
10018
10019
10020
10021
10022
10023
10024
10025
10026
10027
10028
10029
10030
10031
10032
10033
10034
10035
10036
10037
10038
10039
10040
10041
10042
10043
10044
10045
10046
10047
10048
10049
10050
10051
10052
10053
10054
10055
10056
10057
10058
10059
10060
10061
10062
10063
10064
10065
10066
10067
10068
10069
10070
10071
10072
10073
10074
10075
10076
10077
10078
10079
10080
10081
10082
10083
10084
10085
10086
10087
10088
10089
10090
10091
10092
10093
10094
10095
10096
10097
10098
10099
10100
10101
10102
10103
10104
10105
10106
10107
10108
10109
10110
10111
10112
10113
10114
10115
10116
10117
10118
10119
10200
10201
10202
10203
10204
10205
10206
10207
10208
10209
10210
10211
10212
10213
10214
10215
10216
10217
10218
10219
10220
10221
10222
10223
10224
10225
10226
10227
10228
10229
10230
10231
10232
10233
10234
10235
10236
10237
10238
10239
10240
10241
10242
10243
10244
10245
10246
10247
10248
10249
10250
10251
10252
10253
10254
10255
10256
10257
10258
10259
10260
10261
10262
10263
10264
10265
10266
10267
10268
10269
10270
10271
10272
10273
10274
10275
10276
10277
10278
10279
10280
10281
10282
10283
10284
10285
10286
10287
10288
10289
10290
10291
10292
10293
10294
10295
10296
10297
10298
10299
10300
10301
10302
10303
10304
10400
10401
10402
10403
10404
10405
10406
10407
10408
10409
10410
10411
10412
10413
10414
10415
10416
10417
10418
10419
10420
10421
10422
10423
10424
10425
10426
10427
10428
10429
10430
10431
10432
10433
10434
10435
10436
10437
10438
10439
10440
10441
10442
10443
10444
10445
10446
10447
10448
10449
10450
10451
10452
10453
10454
10455
10456
10457
10458
10459
10460
10461
10462
10463
10464
10465
10466
10467
10468
10469
10470
10471
10472
10473
10474
10475
10476
10477
10478
10479
10480
10481
10482
10483
10484
10485
10486
10487
10488
10489
10490
10491
10492
10493
10494
10495
10496
10497
10498
10499
10500
10501
10502
10503
10504
10505
10506
10507
10508
10509
10510
10511
10512
10513
10514
10515
10516
10517
10518
10519
10520
10521
10522
10523
10524
10600
10601
10602
10603
10604
10605
10606
10607
10608
10609
10610
10611
10612
10613
10614
10615
10616
10617
10618
10619
10620
10621
10622
10623
10624
10625
10626
10627
10628
10629
10630
10631
10632
10633
10634
10635
10636
10637
10638
10639
10640
10641
10642
10643
10644
10645
10646
10647
10648
10649
10650
10651
10652
10653
10654
10655
10656
10657
10658
10659
10660
10661
10662
10663
10664
10665
10666
10667
10668
10669
10670
10671
10672
10673
10674
10675
10676
10677
10678
10679
10680
10681
10682
10683
10684
10685
10686
10687
10688
10689
10690
10691
10692
10693
10694
10695
10696
10697
10698
10699
10700
10701
10702
10703
10704
10705
10706
10707
10708
10709
10710
10711
10712
10713
10714
10715
10716
10717
10718
10719
10720
10721
10722
10723
10724
10750
10751
10752
10753
10754
10800
10801
10802
10803
10804
10805
10806
10807
10808
10809
10810
10811
10812
10813
10814
10815
10816
10817
10818
10819
10820
10821
10822
10823
10824
10825
10826
10827
10828
10829
10830
10831
10832
10833
10834
10835
10836
10837
10838
10839
10840
10841
10842
10843
10844
10845
10846
10847
10848
10849
10850
10851
10852
10853
10854
10855
10856
10857
10858
10859
10900
10901
10902
10903
10904
10905
10906
10907
10908
10909
10910
10911
10912
10913
10914
10915
10916
10917
10918
10919
10920
10921
10922
10923
10924
10925
10926
10927
10928
10929
10930
10931
10932
10933
10934
10935
10936
10937
10938
10939
10940
10941
10942
10943
10944
10945
10946
10947
10948
10949
10950
10951
10952
10953
10954
10955
10956
10957
10958
10959
10960
10961
10962
10963
10964
10965
10966
10967
10968
10969
10970
10971
10972
10973
10974
10975
10976
10977
10978
10979
10980
10981
10982
10983
10984
10985
10986
10987
10988
10989
10990
10991
10992
10993
10994
11000
11001
11002
11003
11004
11005
11006
11007
11008
11009
11010
11011
11012
11013
11014
11015
11016
11017
11018
11019
11020
11021
11022
11023
11024
11025
11026
11027
11028
11029
11030
11031
11032
11033
11034
11035
11036
11037
11038
11039
11040
11041
11042
11043
11044
11045
11046
11047
11048
11049
11050
11051
11052
11053
11054
11055
11056
11057
11058
11059
11060
11061
11062
11063
11064
11065
11066
11067
11068
11069
11070
11071
11072
11073
11074
11075
11076
11077
11078
11079
11080
11081
11082
11083
11084
11085
11086
11087
11088
11089
11090
11091
11092
11093
11094
11095
11096
11097
11098
11099
11100
11101
11102
11103
11104
11105
11106
11107
11108
11109
11200
11201
11202
11203
11204
11205
11206
11207
11208
11209
11210
11211
11212
11213
11214
11215
11216
11217
11218
11219
11220
11221
11222
11223
11224
11225
11226
11227
11228
11229
11230
11231
11232
11233
11234
11235
11236
11237
11238
11239
11240
11241
11242
11243
11244
11245
11246
11247
11248
11249
11250
11251
11252
11253
11254
11255
11256
11257
11258
11259
11260
11261
11262
11263
11264
11265
11266
11267
11268
11269
11270
11271
11272
11273
11274
11275
11276
11277
11278
11279
11280
11281
11282
11283
11284
11285
11286
11287
11288
11289
11290
11291
11292
11293
11294
11295
11296
11297
11298
11299
11300
11301
11302
11303
11304
11305
11306
11307
11308
11309
11310
11311
11312
11313
11314
11400
11401
11402
11403
11404
11405
11406
11407
11408
11409
11410
11411
11412
11413
11414
11415
11416
11417
11418
11419
11420
11421
11422
11423
11424
11425
11426
11427
11428
11429
11430
11431
11432
11433
11434
11435
11436
11437
11438
11439
11440
11441
11442
11443
11444
11445
11446
11447
11448
11449
11450
11451
11452
11453
11454
11455
11456
11457
11458
11459
11460
11461
11462
11463
11464
11500
11501
11502
11503
11504
11505
11506
11507
11508
11509
11510
11511
11512
11513
11514
11515
11516
11517
11518
11519
11520
11521
11522
11523
11524
11525
11526
11527
11528
11529
11530
11531
11532
11533
11534
11535
11536
11537
11538
11539
11540
11541
11542
11543
11544
11545
11546
11547
11548
11549
11550
11551
11552
11553
11554
11555
11556
11557
11558
11559
11560
11561
11562
11563
11564
11565
11566
11567
11568
11569
11570
11571
11572
11573
11574
11575
11576
11577
11578
11579
11600
11601
11602
11603
11604
11605
11606
11607
11608
11609
11610
11611
11612
11613
11614
11615
11616
11617
11618
11619
11620
11621
11622
11623
11624
11625
11626
11627
11628
11629
11630
11631
11632
11633
11634
11635
11636
11637
11638
11639
11640
11641
11642
11643
11644
11645
11646
11647
11648
11649
11650
11651
11652
11653
11654
11655
11656
11657
11658
11659
11660
11661
11662
11663
11664
11665
11666
11667
11668
11669
11700
11701
11702
11703
11704
11705
11706
11707
11708
11709
11710
11711
11712
11713
11714
11715
11716
11717
11718
11719
11720
11721
11722
11723
11724
11725
11726
11727
11728
11729
11730
11731
11732
11733
11734
11735
11736
11737
11738
11739
11740
11741
11742
11743
11744
11745
11746
11747
11748
11749
11750
11751
11752
11753
11754
11755
11756
11757
11758
11759
11760
11761
11762
11763
11764
11765
11766
11767
11768
11769
11770
11771
11772
11773
11774
11775
11776
11777
11778
11779
11780
11781
11782
11783
11784
11785
11786
11787
11788
11789
11790
11791
11792
11793
11794
11795
11796
11797
11798
11799
11800
11801
11802
11803
11804
11805
11806
11807
11808
11809
11810
11811
11812
11813
11814
11815
11816
11817
11818
11819
11820
11821
11822
11823
11824
11900
11901
11902
11903
11904
11905
11906
11907
11908
11909
11910
11911
11912
11913
11914
11915
11916
11917
11918
11919
11920
11921
11922
11923
11924
11925
11926
11927
11928
11929
11930
11931
11932
11933
11934
11935
11936
11937
11938
11939
11940
11941
11942
11943
11944
11945
11946
11947
11948
11949
11950
11951
11952
11953
11954
11955
11956
11957
11958
11959
11960
11961
11962
11963
11964
11965
11966
11967
11968
11969
11970
11971
11972
11973
11974
11975
11976
11977
11978
11979
11980
11981
11982
11983
11984
11985
11986
11987
11988
11989
11990
11991
11992
11993
11994
11995
11996
11997
11998
11999
12000
12001
12002
12003
12004
12005
12006
12007
12008
12009
12010
12011
12012
12013
12014
12100
12101
12102
12103
12104
12105
12106
12107
12108
12109
12110
12111
12112
12113
12114
12115
12116
12117
12118
12119
12120
12121
12122
12123
12124
12125
12126
12127
12128
12129
12130
12131
12132
12133
12134
12135
12136
12137
12138
12139
12140
12141
12142
12143
12144
12145
12146
12147
12148
12149
12150
12151
12152
12153
12154
12155
12156
12157
12158
12159
12160
12161
12162
12163
12164
12165
12166
12167
12168
12169
12170
12171
12172
12173
12174
12175
12176
12177
12178
12179
12180
12181
12182
12183
12184
12185
12186
12187
12188
12189
12190
12191
12192
12193
12194
12195
12196
12197
12198
12199
12200
12201
12202
12203
12204
12205
12206
12207
12208
12209
12210
12211
12212
12213
12214
12300
12301
12302
12303
12304
12305
12306
12307
12308
12309
12310
12311
12312
12313
12314
12315
12316
12317
12318
12319
12320
12321
12322
12323
12324
12325
12326
12327
12328
12329
12330
12331
12332
12333
12334
12335
12336
12337
12338
12339
12340
12341
12342
12343
12344
12345
12346
12347
12348
12349
12350
12351
12352
12353
12354
12400
12401
12402
12403
12404
12405
12406
12407
12408
12409
12410
12411
12412
12413
12414
12415
12416
12417
12418
12419
12420
12421
12422
12423
12424
12425
12426
12427
12428
12429
12430
12431
12432
12433
12434
12435
12436
12437
12438
12439
12440
12441
12442
12443
12444
12445
12446
12447
12448
12449
12500
12501
12502
12503
12504
12505
12506
12507
12508
12509
12510
12511
12512
12513
12514
12515
12516
12517
12518
12519
12520
12521
12522
12523
12524
12525
12526
12527
12528
12529
12530
12531
12532
12533
12534
12535
12536
12537
12538
12539
12540
12541
12542
12543
12544
12545
12546
12547
12548
12549
12550
12551
12552
12553
12554
12555
12556
12557
12558
12600
12601
12602
12603
12604
12605
12606
12607
12608
12609
12610
12611
12612
12613
12614
12615
12616
12617
12618
12619
12620
12621
12622
12623
12624
12625
12626
12627
12628
12629
12630
12631
12632
12633
12634
12635
12636
12637
12638
12639
12640
12641
12642
12643
12644
12645
12646
12647
12648
12649
12650
12651
12652
12653
12654
12655
12656
12657
12658
12659
12660
12661
12662
12663
12664
12665
12666
12667
12668
12669
12670
12671
12672
12673
12674
12675
12676
12677
12678
12679
12680
12681
12682
12683
12684
12685
12686
12687
12688
12689
12690
12691
12692
12693
12694
12695
12696
12697
12698
12699
12800
12801
12802
12803
12804
12805
12806
12807
12808
12809
12810
12811
12812
12813
12814
12815
12816
12817
12818
12819
12820
12821
12822
12823
12824
12825
12826
12827
12828
12829
12830
12831
12832
12833
12834
12835
12836
12837
12838
12839
12840
12841
12842
12843
12844
12845
12846
12847
12848
12849
12850
12851
12852
12853
12854
12855
12856
12857
12858
12859
12860
12861
12862
12863
12864
12865
12866
12867
12868
12869
12870
12871
12872
12873
12874
12875
12876
12877
12878
12879
12880
12881
12882
12883
12884
12885
12886
12887
12888
12889
12900
12901
12902
12903
12904
12905
12906
12907
12908
12909
12910
12911
12912
12913
12914
12915
12916
12917
12918
12919
12920
12921
12922
12923
12924
12925
12926
12927
12928
12929
12930
12931
12932
12933
12934
12935
12936
12937
12938
12939
12940
12941
12942
12943
12944
12945
12946
12947
12948
12949
12950
12951
12952
12953
12954
12955
12956
12957
12958
12959
13000
13001
13002
13003
13004
13005
13006
13007
13008
13009
13010
13011
13012
13013
13014
13015
13016
13017
13018
13019
13020
13021
13022
13023
13024
13025
13026
13027
13028
13029
13030
13031
13032
13033
13034
13035
13036
13037
13038
13039
13040
13041
13042
13043
13044
13045
13046
13047
13048
13049
13050
13051
13052
13053
13054
13055
13056
13057
13058
13059
13060
13061
13062
13063
13064
13100
13101
13102
13103
13104
13105
13106
13107
13108
13109
13110
13111
13112
13113
13114
13115
13116
13117
13118
13119
13120
13121
13122
13123
13124
13125
13126
13127
13128
13129
13130
13131
13132
13133
13134
13135
13136
13137
13138
13139
13140
13141
13142
13143
13144
13145
13146
13147
13148
13149
13150
13151
13152
13153
13154
13155
13156
13157
13158
13159
13160
13161
13162
13163
13164
13165
13166
13167
13168
13169
13170
13171
13172
13173
13174
13175
13176
13177
13178
13179
13180
13181
13182
13183
13184
13185
13186
13187
13188
13189
13190
13191
13192
13193
13194
13300
13301
13302
13303
13304
13305
13306
13307
13308
13309
13310
13311
13312
13313
13314
13315
13316
13317
13318
13319
13320
13321
13322
13323
13324
13325
13326
13327
13328
13329
13330
13331
13332
13333
13334
13335
13336
13337
13338
13339
13340
13341
13342
13343
13344
13345
13346
13347
13348
13349
13350
13351
13352
13353
13354
13355
13356
13357
13358
13359
13360
13361
13362
13363
13364
13365
13366
13367
13368
13369
13370
13371
13372
13373
13374
14000
14001
14002
14003
14004
14005
14006
14007
14008
14009
14010
14011
14012
14050
14051
14052
14053
14054
14055
14056
14057
14058
14059
14060
14100
14101
14102
14103
14104
14105
14106
14107
14108
14150
14151
14152
14153
14154
14155
14156
14157
14158
14159
14160
14161
14200
14201
14202
14203
14204
14205
14206
14207
14208
14209
14210
14211
14250
14251
14252
14253
14254
14255
14256
14257
14258
14259
14260
14261
14300
14301
14302
14303
14304
14305
14350
14351
14352
14353
14354
14355
14356
14357
14358
14359
14360
14361
14362
14363
14364
14365
14366
14367
14368
14369
14370
14400
14401
14402
14403
14404
14405
14406
14407
14408
14409
14410
14411
14412
14413
14414
14415
14416
14417
14418
14419
14420
14421
14422
14423
14424
14425
14426
14450
14451
14452
14453
14454
14455
14456
14500
14501
14502
15000
15001
15002
15003
15004
15005
15006
15007
15008
15009
15010
15020
15021
15022
15023
15024
15025
15026
15027
15028
15029
15030
15031
15032
15033
15034
15035
15036
15037
15038
15039
15040
15041
15060
15061
15062
15063
15070
15071
15072
15073
15075
15076
15077
15078
15080
15081
15082
15083
15084
15085
15086
15087
15088
15090
15091
15100
15101
15105
15106
15110
15111
15112
15120
15121
15122
15125
15126
15130
15131
15132
15135
15136
15137
15138
15145
15146
15147
15148
15149
15150
15151
15155
15156
15160
15170
15171
15175
15176
15180
15181
15182
15185
15190
15195
15196
15197
15200
15201
15210
15211
15212
15213
15214
15215
15216
15217
15218
15220
15221
15222
15223
15224
15225
15226
15227
15228
15250
15255
15260
15265
15300
15301
15302
15305
15310
15315
15320
15321
15322
15325
15330
15331
15335
15400
15401
15410
15411
15412
15413
15414
15415
15416
15417
15418
15419
15420
15430
15431
15450
15455
15460
15470
15471
15472
15475
15476
15480
15481
15500
15501
15510
15511
15512
15513
15514
15515
15516
15517
15518
15519
15520
15521
15530
15531
15532
15533
15534
15535
15550
15555
15560
15600
15601
15610
15611
15612
15613
15614
15615
15616
15617
15630
15631
15632
15650
15655
15660
15680
15681
15690
15691
15692
15700
15701
15702
15703
15710
15711
15712
15720
15721
15722
15723
15730
15731
15732
15740
15741
15742
15743
15744
15745
15750
15751
15752
15755
15760
15761
15762
15763
15764
15766
15767
15770
15775
15780
15781
15782
15783
15784
15785
15786
15787
15790
15791
15792
15795
15796
15800
15801
15802
15803
15804
15805
15806
15810
15815
15820
15830
15831
15832
15833
15840
15841
15842
15845
15850
15851
15852
15853
15854
15855
15856
15857
15858
15859
15860
15861
15862
15863
15864
15865
15870
15871
15872
15873
15874
15880
15881
15882
15883
15884
15885
15886
15900
15901
15910
15911
15912
15913
15914
15915
15916
15917
15918
15919
15922
15923
15925
15926
15927
15928
15930
15935
15940
15945
15950
15951
15952
15955
15956
15957
15965
15966
15967
15970
15971
15975
15976
15977
15978
15979
15985
15990
15995
16000
16001
16002
16010
16011
16012
16013
16014
16030
16031
16032
16033
16034
16035
16036
16037
16038
16039
16040
16041
16042
16043
16044
16045
16046
16047
16048
16049
16050
16051
16052
16053
16054
16055
16056
16057
16058
16059
16060
16061
16062
16063
16064
16065
16066
16067
16068
16069
16070
16071
16072
16080
16081
16082
16083
16084
16085
16086
16090
16091
16092
16100
16105
16110
16120
16121
16122
16123
16130
16131
16132
16133
16134
16135
16136
16137
16138
16139
16140
16141
16142
16143
16144
16145
16146
16147
16148
16149
16150
16151
16152
16160
16161
16162
16163
16165
16166
16167
16168
16175
16180
16181
16182
16185
16200
16201
16202
16210
16211
16215
16216
16217
16230
16231
16232
16235
16236
16240
16241
16245
16246
16250
16260
16261
16265
16266
16267
16268
16300
16301
16302
16303
16305
16306
16307
16308
16309
16310
16315
16316
16317
16318
16320
16321
16322
16323
16324
16325
16380
16381
16382
16383
16384
16385
16386
16387
16388
16389
16390
16391
16392
16400
16401
16410
16411
16412
16413
16414
16415
16416
16417
16418
16419
16420
16430
16431
16450
16451
16452
16453
16454
16455
16456
16460
16461
16462
16463
16470
16471
16472
16473
16474
16475
16476
16477
16478
16479
16485
16490
16495
16500
16501
16510
16511
16512
16513
16514
16515
16516
16517
16518
16519
16530
16531
16532
16535
16536
16540
16541
16542
16545
16546
16550
16551
16555
16556
16557
16558
16559
16560
16561
16562
16563
16564
16565
16566
16567
16570
16571
16572
16573
16574
16575
16576
16577
16578
16579
16580
16581
16590
16591
16592
16593
16594
16595
16596
16600
16601
16605
16606
16607
16608
16609
16610
16611
16620
16621
16622
16623
16624
16625
16626
16627
16630
16631
16632
16633
16634
16635
16636
16637
16638
16639
16640
16641
16650
16651
16652
16653
16660
16661
16665
16666
16667
16668
16669
16670
16671
16675
16676
16677
16680
16681
16682
16683
16684
16685
16686
16687
16688
16700
16701
16702
16703
16710
16711
16712
16713
16714
16715
16716
16717
16718
16719
16720
16721
16730
16740
16741
16742
16745
16746
16747
16748
16749
16755
16756
16757
16758
16760
16761
16762
16763
16800
16801
16805
16806
16810
16811
16815
16820
16821
16822
16823
16824
16825
16826
16827
16828
16840
16841
16845
16900
16901
16902
16903
16910
16911
16912
16913
16920
16921
16925
17000
17001
17002
17003
17004
17005
17006
17007
17008
17009
17010
17020
17021
17022
17023
17024
17030
17035
17036
17037
17040
17041
17042
17050
17051
17052
17053
17054
17055
17056
17057
17058
17059
17060
17061
17062
17063
17064
17065
17066
17100
17101
17105
17106
17107
17108
17109
17110
17111
17112
17113
17120
17121
17122
17123
17124
17130
17131
17135
17136
17137
17138
17140
17141
17142
17143
17145
17146
17150
17151
17153
17154
17155
17158
17160
17161
17162
17165
17166
17170
17175
17176
17180
17181
17185
17186
17187
17188
17189
17190
17191
17192
17193
17200
17205
17210
17211
17215
17220
17221
17222
17223
17225
17226
17228
17230
17231
17235
17236
17237
17238
17240
17241
17245
17246
17247
17248
17249
17250
17255
17256
17260
17261
17265
17266
17267
17268
17269
17270
17271
17272
17273
17280
17281
17285
17287
17288
17290
17291
17292
17293
17294
17295
17296
17297
17298
17299
17300
17310
17311
17312
17320
17321
17322
17323
17324
17325
17326
17327
17328
17329
17330
17331
17332
17333
17334
17335
17336
17337
17338
17339
17340
17341
17342
17343
17344
17345
17346
17347
17348
17349
17350
17351
17352
17360
17361
17362
17370
17371
17372
17373
17374
17375
17376
17377
17378
17379
17380
17381
17382
17385
17386
17387
17390
17391
17392
17393
17394
17395
17396
17397
17398
17399
17410
17411
17412
17420
17421
17422
17430
17431
17440
17441
17442
17443
17444
17450
17451
17452
17460
17461
17465
17470
17480
17481
17485
17486
17487
17488
17489
17490
17491
17492
17493
17494
17500
17501
17502
17505
17506
17507
17508
17509
17510
17511
17515
17516
17520
17521
17522
17523
17524
17530
17540
17541
17550
17555
17556
17557
17558
17559
17560
17561
17562
17563
17564
17565
17566
17567
17568
17569
17570
17571
17572
17573
17574
17600
17601
17610
17611
17612
17613
17614
17615
17616
17617
17618
17619
17625
17626
17627
17630
17631
17635
17636
17637
17640
17641
17650
17651
17655
17656
17660
17661
17670
17671
17672
17675
17676
17677
17680
17685
17690
17691
17692
17693
17695
17696
17697
17698
17700
17701
17702
17703
17705
17706
17707
17708
17710
17711
17712
17713
17714
17720
17721
17725
17740
17741
17750
17751
17752
17755
17756
17757
17760
17761
17765
17770
17771
17772
17773
17774
17775
17776
17777
17778
17779
17780
17781
17782
17783
17784
17785
17786
17787
17788
17789
17800
17801
17802
17803
17805
17806
17807
17808
17810
17811
17812
17815
17816
17820
17821
17822
17823
17824
17825
17826
17827
17828
17829
17830
17832
17835
17836
17837
17838
17839
17840
17841
17842
17843
17844
17845
17846
17847
17848
17849
17850
17851
17852
17853
17860
17861
17862
17863
17864
17865
17866
17867
17870
17871
17872
17873
17874
17875
17876
17877
17878
17879
17880
17881
17882
17883
17884
17885
17886
17887
17888
17889
17890
17891
17892
17893
17894
17905
17906
17907
17908
17910
17911
17915
17916
17917
17918
17919
17920
17930
17931
17932
17933
17935
17936
17937
17940
17941
17942
17945
17947
17950
17955
17960
17970
17971
17972
17973
17974
17975
17976
17977
17978
17979
17980
17981
17982
17983
17984
17985
17990
17991
17992
17995
17996
18000
18001
18002
18005
18010
18011
18012
18015
18020
18025
18026
18030
18031
18032
18033
18034
18035
18036
18037
18038
18039
18040
18050
18051
18052
18055
18057
18060
18061
18062
18063
18064
18065
18066
18067
18068
18069
18070
18071
18080
18081
18082
18083
18084
18085
18090
18091
18092
18094
18096
18097
18098
18099
18100
18102
18104
18105
18106
18107
18110
18115
18116
18120
18121
18122
18123
18124
18125
18126
18127
18128
18129
18130
18131
18132
18133
18134
18135
18136
18137
18138
18139
18140
18141
18142
18143
18144
18145
18160
18161
18162
18163
18164
18170
18171
18172
18173
18174
18175
18176
18177
18178
18179
18180
18181
18182
18185
18186
18187
18190
18192
18193
18194
18195
18196
18197
18198
18199
18300
18301
18302
18303
18310
18311
18312
18313
18320
18321
18322
18323
18330
18331
18332
18333
18340
18341
18350
18351
18355
18356
18357
18358
18360
18361
18362
18363
18364
18365
18370
18371
18372
18373
18374
18375
18380
18381
18382
18390
18391
18392
18395
18396
18400
18401
18405
18406
18500
18501
18502
18503
18504
18505
18506
18510
18511
18512
18513
18514
18515
18516
18517
18518
18519
18520
18530
18531
18532
18533
18535
18536
18537
18540
18541
18542
18545
18550
18551
18552
18553
18554
18555
18556
18557
18558
18559
18560
18561
18562
18563
18564
18570
18571
18572
18575
18577
18580
18581
18582
18585
18586
18650
18651
18652
18653
18654
18670
18671
18672
18675
18676
18677
18680
18685
18686
18687
18688
18689
18690
18691
18692
18693
18694
18695
18696
18697
18698
18699
18700
18701
18702
18703
18704
18705
18706
18707
18708
18709
18720
18725
18730
18750
18751
18810
18811
18812
18813
18814
18815
18816
18820
18821
18830
18831
18832
18833
18834
18835
18836
18837
18838
18839
18840
18841
18842
18843
18844
18850
18851
18852
18855
18856
18860
18861
18862
18865
18866
18870
18871
18872
18875
18880
18881
18882
18883
18884
18885
18886
18887
18895
18896
18897
18900
18901
18902
18903
18905
18906
18907
18910
18911
18912
18913
18914
18915
18916
18917
18920
18921
18922
18923
18924
18925
18926
18927
18930
18931
18940
18941
18942
18945
18946
19000
19001
19010
19011
19012
19013
19014
19020
19021
19022
19023
19024
19025
19030
19031
19032
19033
19034
19035
19036
19037
19038
19039
19040
19041
19042
19043
19050
19051
19055
19056
19057
19058
19059
19060
19061
19062
19063
19064
19065
19070
19071
19075
19076
19077
19080
19081
19082
19083
19084
19090
19092
19094
19095
19096
19097
19098
19100
19101
19102
19105
19106
19107
19110
19111
19112
19113
19120
19121
19122
19123
19124
19125
19126
19127
19128
19129
19135
19136
19137
19138
19145
19146
19150
19151
19155
19156
19157
19158
19160
19161
19165
19170
19171
19172
19175
19180
19181
19190
19191
19192
19193
19205
19210
19215
19216
19217
19220
19221
19222
19223
19224
19225
19226
19227
19228
19230
19231
19235
19236
19237
19238
19239
19240
19241
19250
19251
19255
19256
19260
19261
19262
19263
19265
19270
19271
19275
19276
19277
19278
19279
19285
19286
19287
19288
19289
19300
19301
19302
19303
19304
19305
19306
19307
19308
19309
19310
19311
19315
19316
19320
19321
19322
19325
19326
19335
19336
19345
19350
19351
19352
19360
19361
19362
19363
19364
19365
19366
19367
19368
19369
19370
19371
19372
19373
19374
19380
19381
19382
19385
19390
19391
19392
19393
19394
19395
19396
19397
19398
19399
19400
19405
19406
19410
19411
19412
19413
19414
19420
19421
19422
19423
19424
19425
19426
19427
19428
19430
19431
19432
19435
19436
19437
19440
19445
19446
19450
19451
19455
19456
19457
19460
19461
19465
19466
19467
19470
19471
19475
19480
19481
19482
19483
19484
19485
19486
19487
19488
19489
19490
19491
19492
19493
19494
19495
19496
19497
19498
19499
19500
19501
19502
19503
19504
19505
19506
19507
19508
19509
19510
19511
19512
19513
19514
19515
19516
19517
19520
19521
19522
19523
19524
19525
19526
19527
19528
19530
19531
19532
19533
19535
19536
19537
19538
19539
19540
19545
19546
19548
19549
19550
19551
19552
19553
19555
19557
19560
19561
19562
19563
19564
19566
19567
19570
19571
19572
19573
19574
19575
19576
19577
19578
19579
19580
19581
19582
19583
19584
19585
19586
19590
19591
19592
19595
19597
19598
19600
19602
19603
19604
19605
19606
19607
19610
19611
19615
19620
19621
19622
19623
19625
19626
19630
19631
19632
19633
19634
19635
19640
19641
19645
19646
19647
19648
19650
19655
19656
19660
19661
19665
19670
19671
19672
19675
19676
19677
19678
19680
19681
19685
19686
19687
19688
19689
19690
19695
19696
19697
19698
19699
19700
19705
19706
19707
19710
19711
19712
19713
19715
19716
19720
19721
19722
19725
19726
19730
19731
19740
19741
19745
19750
19751
19752
19753
19754
19760
19761
19762
19763
19764
19765
19770
19771
19772
19775
19776
19777
19778
19800
19801
19802
19803
19804
19805
19806
19807
19808
19810
19811
19812
19815
19820
19821
19822
19823
19824
19825
19826
19827
19830
19831
19832
19835
19840
19841
19842
19843
19844
19845
19846
19847
19848
19849
19850
19851
19852
19855
19856
19857
19860
19861
19862
19865
19866
19867
19868
19869
19870
19871
19872
19873
19874
19875
19876
19880
19881
19882
19883
19884
19885
19886
19887
19888
19889
19890
19891
19895
19896
19897
19900
19901
19902
19903
19904
19905
19906
19910
19911
19915
19916
19917
19918
19920
19921
19925
19926
19930
19931
19935
19936
19940
19941
19945
19946
19950
19951
19955
19956
19960
19961
19965
19966
19970
19971
19975
19976
19980
19981
19985
19986
19987
19990
19991
19995
20000
20001
20002
20005
20006
20010
20011
20015
20020
20021
20022
20025
20026
20030
20031
20032
20033
20034
20035
20036
20037
20040
20041
20045
20046
20050
20051
20052
20053
20054
20055
20060
20061
20062
20080
20081
20085
20090
20091
20092
20095
20096
20097
20098
20099
20100
20101
20103
20105
20107
20109
20115
20116
20140
20141
20142
20143
20144
20145
20146
20147
20150
20151
20152
20155
20156
20157
20160
20161
20162
20163
20164
20165
20166
20167
20170
20171
20172
20173
20175
20177
20178
20180
20181
20182
20185
20186
20190
20191
20192
20195
20196
20200
20201
20205
20206
20207
20210
20211
20212
20213
20214
20220
20221
20222
20223
20230
20231
20235
20236
20237
20238
20239
20240
20241
20242
20243
20244
20250
20251
20252
20253
20254
20260
20261
20262
20265
20266
20270
20271
20272
20273
20285
20290
20295
20300
20305
20310
20315
20340
20341
20342
20345
20346
20350
20351
20352
20355
20360
20361
20362
20363
20364
20365
20366
20367
20368
20369
20370
20371
20372
20373
20374
20375
20376
20377
20378
20390
20391
20392
20393
20395
20396
20397
20400
20402
20405
20406
20407
20408
20409
20410
20411
20412
20413
20414
20415
20416
20417
20418
20420
20421
20422
20425
20426
20427
20428
20429
20430
20431
20432
20433
20434
20435
20436
20440
20445
20446
20447
20448
20449
20450
20451
20452
20453
20454
20455
20456
20457
20458
20460
20461
20462
20465
20466
20467
20470
20471
20472
20475
20480
20481
20485
20486
20487
20488
20489
20490
20491
20492
20500
20501
20502
20510
20511
20515
20516
20517
20520
20521
20522
20525
20526
20527
20528
20529
20530
20535
20536
20540
20541
20542
20543
20544
20545
20546
20547
20548
20549
20555
20556
20557
20558
20559
20560
20565
20566
20567
20568
20570
20571
20575
20576
20577
20578
20580
20582
20585
20587
20590
20591
20592
20595
20596
20600
20601
20602
20603
20605
20606
20607
20608
20610
20611
20615
20616
20620
20621
20622
20623
20624
20625
20630
20631
20632
20633
20634
20638
20640
20641
20642
20645
20650
20651
20652
20655
20656
20657
20660
20665
20670
20671
20672
20673
20674
20675
20750
20751
20752
20753
20755
20756
20760
20761
20765
20766
20767
20768
20770
20771
20772
20773
20780
20781
20785
20790
20791
20795
20796
20800
20801
20803
20805
20807
20808
20810
20811
20812
20813
20814
20815
20818
20820
20821
20825
20826
20830
20831
20835
20836
20840
20841
20845
20850
20855
20856
20860
20862
20863
20865
20866
20867
20868
20872
20875
20880
20881
20885
20890
20891
20892
20893
20895
20896
20900
20910
20911
20915
20916
20917
20920
20921
20925
20930
20931
20932
20935
20936
20940
20941
20950
20951
20952
20955
20956
20957
20960
20961
20965
20966
20967
20980
20981
20990
20991
20995
21000
21001
21005
21006
21010
21011
21015
21016
21020
21021
21025
21026
21030
21031
21032
21035
21036
21040
21041
21045
21050
21051
21052
21055
21056
21060
21065
21066
21070
21071
21075
21076
21080
21081
21085
21086
21090
21091
21092
21093
21095
21096
21097
21098
21100
21101
21110
21111
21112
21115
21116
21120
21121
21125
21126
21130
21131
21132
21133
21134
21135
21136
21137
21140
21141
21142
21143
21144
21145
21146
21147
21148
21149
21150
21151
21160
21161
21165
21170
21171
21175
21176
21177
21180
21181
21182
21185
21186
21187
21190
21191
21192
21193
21194
21200
21205
21206
21207
21210
21211
21215
21216
21300
21301
21302
21305
21310
21311
21312
21315
21320
21325
21330
21331
21335
21336
21337
21338
21339
21340
21345
21346
21347
21350
21351
21360
21361
21362
21365
21370
21371
21372
21375
21380
21381
21382
21390
21391
21400
21401
21402
21405
21406
21410
21411
21412
21450
21451
21455
21456
21457
21460
21461
21465
21466
21467
21468
21469
21470
21471
21475
21476
21480
21481
21482
21483
21485
21486
21487
21488
21490
21491
21492
21493
21495
21496
21497
21498
21500
21505
21506
21507
21508
21510
21511
21512
21513
21515
21516
21517
21518
21519
21520
21530
21531
21532
21535
21536
21537
21540
21541
21545
21546
21547
21548
21560
21565
21570
21572
21575
21576
21577
21578
21580
21581
21582
21583
21584
21585
21590
21591
21592
21593
21594
21600
21601
21602
21603
21604
21605
21606
21607
21608
21609
21610
21611
21612
21613
21614
21615
21616
21617
21618
21619
21620
21621
21622
21623
21624
21625
21626
21627
21628
21629
21630
21631
21632
21633
21634
21635
21636
21637
21638
21639
21640
21641
21642
21643
21644
21645
21646
21647
21648
21649
21650
21651
21652
21653
21654
21655
21660
21661
21662
21700
21701
21705
21706
21710
21711
21715
21716
21720
21721
21722
21725
21726
21727
21730
21731
21732
21735
21736
21737
21740
21741
21742
21743
21750
21755
21756
21757
21760
21761
21762
21763
21765
21770
21771
21772
21773
21774
21775
21780
21781
21785
21786
21790
21791
21795
21796
21800
21801
21802
21803
21805
21806
21810
21811
21812
21813
21815
21816
21820
21821
21825
21826
21830
21831
21835
21836
21840
21841
21842
21843
21844
21845
21846
21847
21848
21849
21850
21851
21852
21853
21854
21855
21856
21857
21858
21859
21865
21866
21870
21871
21880
21881
21882
21883
21884
21885
21890
21891
21895
21900
21901
21902
21903
21904
21910
21911
21912
21913
21914
21915
21920
21921
21930
21931
21932
21940
21941
21942
21943
21944
21945
21946
21947
21948
21950
21951
21955
21956
21957
21960
21961
21962
21963
21964
21966
21967
21968
21969
21971
21972
21973
21975
21976
21978
21979
21980
21982
21983
21985
21986
21990
21991
21992
21993
21995
21996
21997
22000
22001
22002
22005
22006
22007
22008
22009
22015
22020
22025
22030
22035
22040
22045
22046
22050
22051
22052
22055
22056
22057
22058
22059
22065
22066
22067
22070
22071
22072
22073
22074
22075
22076
22080
22081
22082
22085
22086
22090
22091
22092
22100
22101
22102
22105
22106
22107
22108
22120
22121
22122
22125
22126
22127
22130
22135
22140
22141
22142
22145
22146
22150
22151
22160
22161
22162
22165
22166
22170
22171
22172
22200
22201
22205
22206
22210
22211
22212
22215
22216
22220
22221
22222
22223
22224
22225
22226
22227
22228
22229
22235
22240
22241
22242
22243
22245
22250
22251
22252
22255
22256
22260
22261
22262
22263
22264
22265
22266
22267
22268
22269
22275
22276
22277
22278
22279
22280
22281
22285
22286
22287
22290
22291
22292
22293
22295
22296
22297
22298
22299
22300
22302
22303
22304
22305
22306
22310
22311
22312
22313
22315
22316
22317
22318
22319
22320
22325
22326
22327
22330
22331
22332
22335
22336
22337
22340
22341
22342
22343
22345
22346
22350
22351
22355
22360
22361
22362
22363
22365
22366
22367
22368
22400
22401
22402
22403
22405
22406
22410
22411
22412
22413
22414
22415
22416
22417
22418
22419
22425
22426
22427
22428
22429
22430
22440
22441
22442
22445
22450
22451
22452
22453
22460
22461
22465
22466
22470
22475
22476
22477
22480
22481
22485
22486
22487
22488
22489
22492
22493
22495
22496
22497
22498
22500
22501
22502
22505
22506
22515
22520
22521
22525
22526
22527
22528
22529
22530
22531
22532
22533
22534
22535
22540
22541
22542
22543
22544
22550
22551
22552
22555
22556
22557
22560
22561
22562
22563
22564
22565
22566
22567
22570
22571
22573
22574
22575
22576
22578
22579
22590
22591
22592
22593
22594
22595
22596
22600
22601
22602
22603
22604
22610
22611
22615
22616
22617
22620
22621
22625
22626
22627
22630
22631
22632
22633
22634
22635
22640
22641
22642
22643
22645
22646
22650
22652
22653
22654
22660
22661
22663
22664
22665
22666
22667
22668
22670
22675
22676
22677
22680
22681
22685
22686
22687
22688
22689
22690
22691
22692
22693
22694
22695
22696
22697
22700
22701
22702
22703
22800
22801
22805
22806
22807
22815
22816
22817
22820
22825
22826
22830
22831
22832
22833
22835
22836
22837
22840
22841
22842
22845
22846
22847
22850
22851
22855
22860
22861
22862
22863
22864
22866
22867
22868
22870
22875
22876
22877
22878
22885
22886
22887
22890
22891
22895
22900
22901
22905
22906
22907
22908
22915
22916
22917
22920
22921
22925
22926
22927
22928
22930
22931
22932
22933
22934
22935
22936
22937
22938
22939
22940
22941
22942
22943
22944
22945
22946
22947
22948
22950
22951
22952
22955
22958
22959
22962
22965
22966
22970
22971
22972
22975
22980
22985
22986
22987
22988
22989
22995
22996
22997
23000
23001
23002
23005
23006
23010
23011
23015
23020
23021
23025
23026
23027
23030
23031
23035
23036
23040
23041
23045
23046
23050
23051
23055
23056
23060
23061
23065
23066
23070
23075
23080
23081
23082
23083
23085
23086
23087
23500
23501
23502
23505
23506
23507
23508
23509
23512
23513
23515
23516
23517
23518
23520
23521
23522
23525
23530
23531
23532
23533
23534
23535
23536
23537
23538
23539
23550
23555
23556
23557
23560
23565
23566
23567
23570
23571
23575
23576
23577
23578
23579
23580
23581
23600
23601
23605
23606
23607
23610
23611
23615
23616
23620
23630
23631
23632
23633
23634
23635
23636
23640
23641
23650
23651
23652
23653
23654
23655
23656
23657
23658
23659
23665
23666
23667
23670
23671
23675
23676
23677
23680
23681
23682
23685
23686
23690
23691
23692
23693
23694
23695
23696
23697
23698
23699
23710
23711
23712
23713
23714
23715
23716
23720
23721
23722
23723
23724
23725
23726
23727
23728
23729
23730
23731
23732
23733
23734
23735
23740
23741
23742
23743
23744
23745
23746
23747
23748
23749
23750
23755
23756
23757
23758
23760
23761
23762
23763
23764
23765
23766
23767
23768
23769
23800
23801
23805
23806
23807
23808
23810
23811
23815
23816
23817
23820
23830
23831
23832
23835
23836
23840
23841
23842
23843
23844
23845
23846
23847
23850
23852
23853
23855
23856
23857
23860
23861
23865
23866
23867
23870
23871
23875
23876
23877
23880
23881
23882
23883
23884
23885
23886
23887
23888
23889
23890
23891
23892
23893
23894
23895
23896
23897
23898
23900
23901
23905
23906
23910
23911
23912
23915
23916
23917
23918
23919
23920
23921
23922
23925
23926
23930
23931
23935
23940
23941
23942
23945
23950
23951
23952
23953
23954
23955
23956
23957
23958
23959
23960
23961
23962
23963
23964
23970
23971
23972
23973
23974
23975
23976
23977
23978
23979
23980
23981
23982
23983
23984
23985
23986
23987
23988
23989
23990
23991
23992
23993
23994
23995
23996
23997
23998
23999
24000
24001
24002
24003
24004
24005
24010
24011
24012
24013
24015
24016
24017
24018
24020
24021
24022
24023
24024
24025
24026
24027
24030
24031
24032
24033
24034
24040
24041
24042
24043
24044
24045
24050
24051
24055
24056
24060
24061
24065
24066
24067
24075
24080
24081
24085
24086
24087
24088
24090
24091
24092
24093
24094
24095
24096
24097
24098
24099
24100
24101
24102
24103
24104
24105
24106
24107
24108
24109
24110
24111
24112
24113
24114
24115
24116
24117
24118
24119
24120
24121
24122
24123
24124
24125
24127
24128
24130
24131
24135
24136
24200
24201
24202
24203
24204
24205
24206
24207
24210
24211
24215
24216
24217
24218
24220
24221
24222
24223
24224
24225
24230
24231
24232
24233
24234
24240
24245
24246
24247
24250
24255
24256
24257
24258
24260
24261
24262
24265
24270
24271
24272
24275
24276
24277
24280
24281
24282
24285
24290
24291
24292
24295
24296
24297
24298
24300
24301
24302
24310
24311
24312
24313
24314
24315
24316
24317
24318
24319
24320
24321
24325
24326
24327
24330
24331
24332
24333
24334
24340
24380
24385
24386
24390
24391
24395
24400
24401
24405
24410
24411
24415
24416
24420
24421
24425
24426
24430
24431
24450
24455
24456
24460
24461
24465
24466
24470
24471
24475
24476
24480
24481
24485
24486
24490
24491
24492
24495
24496
24500
24505
24550
24551
24555
24556
24557
24558
24559
24560
24561
24562
24563
24564
24570
24571
24580
24581
24590
24591
24592
24593
24594
24595
24596
24597
24598
24600
24601
24602
24603
24604
24605
24606
24607
24610
24611
24612
24615
24620
24621
24622
24623
24625
24630
24640
24641
24642
24645
24646
24650
24651
24660
24661
24665
24666
24667
24668
24669
24675
24676
24677
24678
24679
24685
24686
24687
24690
24691
24700
24701
24705
24706
24720
24722
24723
24724
24726
24727
24729
24731
24732
24733
24734
24736
24737
24738
24740
24741
24745
24746
24750
24751
24755
24756
24757
24758
24760
24761
24762
24763
24765
24766
24770
24772
24773
24774
24775
24776
24777
24778
24779
24785
24786
24787
24790
24791
24792
24793
24794
24800
24801
24805
24806
24807
24810
24811
24815
24816
24818
24820
24821
24825
24826
24827
24830
24831
24832
24833
24834
24835
24840
24841
24845
24850
24851
24860
24861
24862
24863
24870
24871
24872
24873
24874
24875
24876
24877
24880
24881
24882
24885
24892
24893
24894
24900
24901
24902
24903
24904
24905
24906
24907
24908
24909
24910
24911
24912
24913
24914
24915
24916
24917
24918
24919
24920
24921
24930
24931
24935
24936
24940
24941
24945
24946
24950
24951
24955
24956
24957
24958
24959
24960
24961
24965
24966
24967
24970
24971
24980
24981
24982
24983
24990
24991
24992
24993
24994
24995
25000
25001
25005
25006
25010
25011
25012
25013
25014
25020
25021
25030
25035
25036
25040
25041
25042
25043
25044
25050
25051
25090
25091
25100
25101
25105
25106
25107
25110
25111
25115
25120
25121
25122
25123
25125
25126
25127
25128
25129
25130
25135
25136
25137
25138
25140
25141
25142
25143
25150
25151
25160
25161
25162
25163
25164
25165
25166
25167
25168
25169
25170
25171
25172
25173
25174
25175
25176
25177
25178
25179
25180
25181
25182
25183
25184
25185
25186
25187
25188
25190
25191
25200
25201
25202
25210
25215
25216
25220
25221
25222
25225
25226
25227
25228
25230
25231
25232
25235
25236
25238
25240
25245
25246
25250
25251
25255
25260
25265
25266
25267
25268
25269
25280
25281
25282
25283
25284
25285
25286
25287
25288
25289
25290
25291
25292
25293
25294
25295
25300
25301
25302
25303
25305
25306
25310
25315
25350
25351
25352
25353
25354
25355
25356
25357
25358
25359
25360
25370
25371
25372
25373
25380
25381
25390
25391
25392
25393
25395
25400
25401
25405
25406
25410
25411
25415
25420
25421
25422
25423
25424
25425
25426
25427
25435
25436
25437
25440
25441
25442
25443
25444
25450
25455
25456
25470
25471
25472
25473
25480
25481
25482
25483
25485
25486
25487
25488
25490
25491
25492
25493
25495
25496
25497
25500
25501
25505
25506
25507
25508
25509
25510
25511
25512
25515
25525
25526
25530
25531
25532
25535
25536
25537
25540
25541
25542
25543
25545
25546
25547
25555
25556
25557
25558
25559
25560
25570
25571
25575
25600
25601
25602
25603
25604
25605
25608
25610
25611
25612
25613
25614
25615
25616
25617
25618
25619
25620
25621
25622
25623
25624
25625
25626
25627
25630
25631
25632
25633
25634
25635
25640
25641
25650
25655
25660
25670
25671
25672
25673
25674
25675
25680
25681
25682
25683
25684
25690
25691
25692
25693
25700
25701
25702
25703
25750
25751
25760
25765
25766
25767
25768
25769
25770
25775
25776
25777
25778
25779
25782
25783
25784
25785
25786
25790
25791
25792
25795
25800
25801
25805
25810
25811
25812
25813
25814
25815
25820
25821
25825
25826
25827
25828
25829
25830
25831
25832
25833
25834
25835
25840
25841
25850
25851
25855
25856
25857
25858
25860
25861
25862
25863
25864
25865
25870
25871
25872
25873
25874
25880
25881
25882
25883
25900
25901
25902
25903
25904
25905
25906
25907
25915
25920
25922
25925
25926
25935
25940
25941
25942
25945
25946
25947
25948
25950
25951
25952
25955
25956
25957
25965
25966
25967
25970
25971
25972
25975
25976
25977
25980
25985
25986
25987
25990
25991
25992
25993
25994
25995
25996
26000
26001
26005
26006
26007
26008
26100
26101
26102
26103
26104
26105
26106
26107
26108
26110
26111
26112
26113
26114
26115
26116
26117
26118
26119
26120
26121
26130
26131
26132
26133
26135
26136
26137
26140
26141
26142
26143
26144
26145
26146
26147
26148
26149
26150
26151
26152
26153
26154
26155
26165
26166
26167
26168
26169
26170
26175
26176
26177
26178
26179
26180
26190
26191
26192
26195
26196
26200
26201
26202
26203
26205
26206
26207
26208
26209
26210
26211
26212
26213
26214
26216
26217
26220
26221
26222
26223
26224
26225
26226
26227
26228
26230
26231
26232
26233
26234
26235
26236
26237
26238
26239
26240
26241
26242
26243
26245
26246
26250
26251
26252
26253
26255
26260
26265
26266
26270
26271
26275
26276
26277
26280
26281
26282
26285
26286
26287
26290
26291
26292
26293
26294
26295
26296
26297
26298
26299
26300
26310
26311
26312
26313
26320
26325
26326
26330
26331
26335
26336
26340
26341
26342
26343
26344
26350
26351
26352
26353
26354
26360
26361
26362
26363
26364
26370
26371
26372
26373
26374
26380
26381
26385
26386
26387
26388
26389
26390
26391
26392
26400
26401
26410
26411
26412
26413
26414
26415
26420
26421
26422
26423
26425
26426
26430
26431
26435
26436
26440
26441
26445
26446
26450
26451
26455
26456
26460
26461
26462
26463
26470
26471
26472
26473
26480
26481
26482
26483
26490
26491
26492
26493
26495
26496
26500
26505
26506
26507
26510
26515
26516
26520
26522
26524
26526
26528
26530
26532
26534
26536
26540
26541
26542
26545
26546
26547
27000
27001
27002
27003
27004
27005
27010
27011
27012
27020
27021
27022
27023
27024
27030
27035
27036
27037
27040
27041
27042
27045
27050
27052
27055
27056
27057
27060
27065
27067
27068
27070
27071
27072
27075
27080
27081
27082
27083
27084
27085
27086
27087
27088
27089
27090
27095
27096
27125
27126
27200
27205
27206
27207
27210
27215
27220
27221
27222
27225
27230
27231
27232
27233
27234
27235
27236
27240
27241
27242
27243
27244
27245
27246
27250
27251
27300
27305
27306
27307
27310
27311
27312
27313
27314
27315
27316
27317
27318
27319
27330
27331
27332
27333
27334
27335
27336
27337
27338
27339
27350
27351
27352
27353
27354
27355
27356
27357
27358
27359
27370
27371
27372
27373
27374
27375
27376
27377
27378
27379
27380
27381
27382
27390
27391
27392
27393
27394
27395
27396
27397
27398
27399
27410
27411
27412
27413
27414
27415
27416
27417
27418
27420
27421
27422
27430
27431
27432
27435
27436
27437
27438
27439
27442
27443
27444
27445
27446
27450
27455
27456
27457
27460
27475
27480
27481
27482
27483
27485
27486
27487
27488
27489
27490
27491
27492
27493
27494
27495
27496
27497
27498
27499
27500
27501
27502
27503
27510
27511
27520
27521
27522
27523
27524
27525
27526
27527
27528
27529
27530
27531
27532
27540
27541
27542
27545
27546
27550
27551
27555
27556
27557
27558
27600
27601
27602
27610
27611
27612
27613
27614
27615
27616
27617
27618
27619
27620
27621
27622
27623
27624
27630
27631
27632
27633
27634
27635
27636
27637
27638
27639
27640
27641
27642
27643
27644
27645
27646
27655
27656
27657
27658
27659
27660
27661
27662
27663
27664
27665
27670
27675
27676
27677
27680
27681
27682
27685
27686
27687
27690
27691
27695
27696
27697
27700
27701
27702
27703
27704
27705
27710
27711
27712
27715
27716
27717
27720
27721
27730
27731
27732
27735
27736
27737
27740
27745
27746
27747
27750
27751
27752
27753
27754
27760
27761
27762
27763
27764
27765
27766
27767
27780
27781
27782
27783
27784
27785
27786
27787
27800
27801
27802
27803
27805
27806
27807
27808
27809
27810
27811
27820
27821
27822
27823
27824
27825
27826
27830
27831
27832
27833
27834
27835
27836
27837
27838
27839
27840
27850
27851
27852
27853
27854
27855
27856
27857
27858
27859
27860
27861
27862
27863
27864
27865
27866
27867
27868
27869
27870
27871
27872
27873
27874
27875
27876
27877
27878
27879
27880
27881
27882
27883
27884
27885
27886
27887
27888
27889
27890
27891
27892
27893
27894
27895
27896
27897
27898
27899
27910
27911
27920
27921
27922
27923
27924
27925
27926
27927
27928
27929
27930
27931
27932
27933
27934
27955
27956
27957
27960
27961
27962
27963
27964
27965
27966
27967
27968
27969
27970
27971
27972
27973
27980
27981
27982
27983
27984
27985
27990
27991
27992
27993
27994
27995
27996
27997
27998
27999
28000
28001
28002
28003
28100
28101
28102
28103
28104
28105
28106
28107
28108
28109
28110
28111
28112
28113
28114
28115
28116
28117
28118
28119
28130
28131
28132
28133
28134
28140
28141
28142
28145
28150
28151
28152
28153
28154
28160
28161
28162
28163
28164
28165
28166
28167
28168
28169
28170
28171
28172
28173
28174
28175
28176
28177
28178
28179
28180
28181
28182
28183
28184
28185
28186
28187
28188
28189
28190
28191
28192
28210
28211
28212
28220
28230
28231
28232
28233
28240
28241
28245
28250
28260
28261
28262
28263
28264
28265
28266
28267
28268
28269
28270
28271
28272
28273
28280
28281
28282
28283
28284
28285
28286
28287
28288
28289
28290
28291
28292
28293
28294
28295
28296
28297
28298
28310
28311
28312
28313
28314
28315
28316
28317
28318
28319
28320
28321
28322
28323
28324
28325
28326
28400
28401
28402
28403
28404
28405
28406
28407
28408
28409
28410
28411
28412
28413
28414
28415
28416
28417
28418
28419
28550
28555
28556
28557
28558
28559
28560
28570
28571
28572
28580
28590
28591
28592
28593
28594
28595
28596
28597
28598
28599
28600
28610
28611
28612
28613
28614
28615
28616
28617
28618
28619
28620
28621
28622
28623
28624
28625
28626
28627
28628
28629
28630
28631
28632
28633
28634
28635
28636
28637
28638
28639
28640
28641
28642
28650
28660
28661
28662
28663
28664
28665
28670
28671
28672
28673
28674
28675
28676
28677
28678
28679
28680
28681
28682
28683
28684
28685
28686
28687
28688
28689
28690
28691
28692
28693
28694
28695
28696
28697
28698
28699
28700
28701
28702
28703
29000
29001
29005
29006
29010
29011
29012
29015
29016
29017
29020
29021
29025
29026
29027
29030
29035
29036
29037
29038
29039
29040
29041
29042
29045
29050
29051
29052
29080
29081
29082
29100
29101
29102
29105
29106
29108
29110
29111
29115
29120
29121
29125
29130
29131
29132
29135
29140
29141
29142
29143
29144
29145
29146
29147
29148
29150
29151
29152
29165
29166
29170
29171
29200
29201
29202
29203
29204
29205
29206
29207
29208
29209
29210
29211
29212
29215
29216
29217
29220
29221
29222
29223
29224
29225
29226
29227
29228
29230
29231
29232
29235
29236
29240
29241
29245
29246
29250
29255
29256
29260
29261
29262
29270
29275
29276
29277
29300
29301
29302
29303
29304
29310
29315
29316
29317
29320
29325
29326
29327
29328
29329
29335
29336
29337
29338
29340
29341
29342
29345
29346
29347
29348
29350
29351
29400
29401
29403
29405
29406
29407
29410
29415
29416
29420
29421
29422
29425
29426
29427
29428
29429
29435
29436
29437
29440
29441
29445
29450
29451
29500
29501
29502
29503
29505
29506
29510
29515
29516
29517
29518
29520
29521
29522
29525
29530
29531
29532
29540
29541
29550
29551
29552
29553
29554
29590
29591
29592
29600
29602
29603
29605
29608
29609
29610
29611
29612
29613
29614
29615
29620
29621
29622
29623
29624
29625
29626
29627
29630
29650
29651
29655
29656
29657
29658
29659
29660
29661
29665
29666
29667
29670
29671
29672
29673
29674
29675
29676
29677
29678
29680
29681
29700
29701
29710
29711
29712
29715
29716
29750
29751
29755
29756
29757
29758
29759
29760
29761
29800
29801
29802
29803
29804
29805
29810
29811
29812
29813
29814
29815
29820
29821
29822
29823
29830
29831
29832
29840
29841
29842
29850
29851
29852
29860
29861
29862
29863
29870
29871
29872
29880
29881
29882
29883
29885
29886
29887
29888
29889
29890
29891
29892
29893
29894
29895
29900
29901
29902
29903
29904
29905
29910
29915
29916
29917
29918
29930
29931
29940
29941
29942
29945
29946
29950
29951
29960
29961
29962
29963
29970
29971
29972
29973
29975
29976
29980
29981
31000
31001
31002
31003
31004
31005
31006
31007
31008
31009
31010
31011
31050
31051
31052
31053
31054
31055
31056
31057
31058
31059
31060
31061
31100
31101
31102
31103
31110
31111
31112
31113
31114
31115
31120
31121
31122
31123
31130
31131
31132
31133
31134
31150
31160
31161
31162
31163
31170
31171
31172
31173
31174
31175
31176
31177
31178
31190
31200
31201
31210
31211
31212
31213
31214
31215
31220
31221
31222
31223
31224
31225
31230
31240
31241
31242
31243
31244
31500
31501
31502
31503
31504
31505
31506
31507
31508
31509
31510
31511
31512
31513
31520
31521
31522
31523
31524
31525
31526
31527
31530
31531
31532
31533
31535
31536
31537
31538
31539
31540
31541
31542
31550
31551
31552
31553
31554
31555
31560
31565
31570
31571
31572
31573
31574
31580
31581
31582
31583
31584
31585
31590
31600
31601
31602
31603
31604
31605
31650
31651
31652
31653
31654
31655
31656
31657
31658
31659
31660
31661
31700
31701
31702
31703
31704
31705
31706
31707
31715
31716
31720
31721
31722
31730
31731
31735
31736
31740
31741
31742
31743
31750
31751
31755
31756
31757
31760
31761
31762
31770
31771
31780
31781
31782
31783
31784
31785
31786
31787
31800
31810
31811
31812
31813
31814
31815
31816
31817
31818
31819