8130
8131
8132
8133
8134
8135
8136
8137
8138
8139
8140
8141
8142
8143
8144
8145
8146
8147
8148
8149
8150
8151
8152
8153
8154
8155
8156
8157
8158
8159
8160
8161
8162
8163
8164
8165
8166
8167
8168
8169
8170
8171
8172
8173
8174
8175
8176
8177
8178
8179
8180
8181
8182
8183
8184
8185
8186
8187
8188
8189
8190
8191
8192
8193
8194
8195
8196
8197
8198
8199
8200
8201
8202
8203
8204
8205
8206
8207
8208
8209
8210
8211
8212
8213
8214
8215
8216
8217
8218
8219
8220
8221
8222
8223
8224
8225
8226
8227
8228
8229
8230
8231
8232
8233
8234
8235
8236
8237
8238
8239
8240
8241
8242
8243
8244
8245
8246
8247
8248
8249
8250
8251
8252
8253
8254
8255
8256
8257
8258
8259
8260
8261
8262
8263
8264
8265
8266
8267
8268
8269
8270
8271
8272
8273
8274
8275
8276
8277
8278
8279
8280
8281
8282
8283
8284
8285
8286
8287
8288
8289
8290
8291
8292
8293
8294
8295
8296
8297
8298
8299
8300
8301
8302
8303
8304
8305
8306
8307
8308
8309
8310
8311
8312
8313
8314
8315
8316
8317
8318
8319
8320
8321
8322
8323
8324
8325
8326
8327
8328
8329
8330
8331
8332
8333
8334
8896
8900
8901
8902
8903
8904
8905
8906
8907
8908
8909
8910
8911
8912
8913
8914
8915
8916
8917
8918
8919
8920
8921
8922
8923
8924
8925
8926
8927
8928
8929
8930
8931
8932
8990
8991
8992
8993
8994
8996
8997
8998
9000
9001
9002
9003
9004
9005
9006
9007
9008
9009
9010
9011
9012
9013
9014
9015
9016
9017
9018
9019
9020
9021
9022
9023
9024
9025
9026
9027
9028
9029
9030
9031
9032
9033
9034
9035
9036
9037
9038
9039
9040
9041
9042
9043
9044
9045
9046
9047
9048
9049
9100
9101
9102
9103
9104
9105
9106
9107
9108
9109
9110
9111
9112
9113
9114
9115
9116
9117
9118
9119
9120
9121
9122
9123
9124
9126
9127
9128
9129
9131
9132
9133
9134
9135
9136
9137
9138
9139
9140
9141
9142
9143
9144
9145
9146
9147
9148
9149
9150
9151
9152
9153
9154
9155
9156
9157
9158
9159
9160
9161
9162
9163
9164
9165
9166
9167
9168
9169
9191
9200
9201
9202
9203
9204
9205
9206
9207
9208
9209
9210
9211
9212
9213
9214
9215
9216
9217
9218
9219
9220
9221
9222
9223
9224
9225
9226
9227
9228
9229
9230
9231
9232
9233
9234
9235
9236
9237
9238
9239
9240
9241
9242
9243
9244
9245
9246
9247
9248
9249
9250
9251
9252
9253
9254
9255
9256
9257
9258
9259
9300
9301
9302
9303
9304
9305
9306
9307
9308
9309
9311
9312
9313
9314
9315
9316
9317
9318
9319
9320
9321
9322
9323
9324
9325
9326
9327
9328
9329
9330
9331
9332
9333
9334
9335
9336
9337
9338
9339
9340
9341
9342
9343
9344
9345
9346
9347
9348
9349
9350
9351
9352
9353
9354
9355
9356
9357
9358
9359
9360
9361
9362
9363
9364
9365
9366
9367
9368
9369
9370
9371
9372
9373
9374
9375
9376
9377
9378
9379
9380
9381
9382
9383
9384
9385
9386
9387
9388
9389
9390
9391
9392
9393
9394
9400
9401
9402
9403
9404
9405
9406
9407
9408
9409
9410
9411
9412
9413
9414
9415
9416
9417
9418
9419
9420
9421
9422
9423
9424
9425
9426
9427
9428
9429
9430
9431
9432
9433
9434
9435
9436
9437
9438
9439
9440
9441
9442
9443
9444
9445
9446
9447
9448
9449
9450
9451
9452
9453
9454
9455
9456
9457
9458
9459
9460
9461
9462
9463
9464
9500
9501
9502
9503
9504
9505
9506
9507
9508
9509
9510
9511
9512
9513
9514
9515
9516
9517
9518
9519
9520
9521
9522
9523
9524
9525
9526
9527
9528
9529
9530
9531
9532
9533
9534
9535
9536
9537
9538
9539
9540
9541
9542
9543
9544
9545
9546
9547
9548
9549
9550
9551
9552
9553
9554
9555
9556
9557
9558
9559
9560
9561
9562
9563
9564
9565
9566
9567
9568
9569
9570
9571
9572
9573
9574
9575
9576
9577
9578
9579
9580
9581
9582
9583
9584
9585
9586
9587
9588
9589
9590
9591
9592
9593
9594
9600
9601
9602
9603
9604
9605
9606
9607
9608
9609
9610
9611
9612
9613
9614
9615
9616
9617
9618
9619
9620
9621
9622
9623
9624
9625
9626
9627
9628
9629
9630
9631
9632
9633
9634
9635
9636
9637
9638
9639
9640
9641
9642
9643
9644
9645
9646
9647
9648
9649
9650
9651
9652
9653
9654
9655
9656
9657
9658
9659
9660
9661
9662
9663
9664
9665
9666
9667
9668
9669
9670
9671
9672
9673
9674
9675
9676
9677
9678
9679
9681
9682
9683
9684
9685
9686
9687
9688
9689
9690
9691
9692
9693
9694
9695
9696
9697
9698
9699
9700
9701
9702
9703
9704
9705
9706
9707
9708
9709
9710
9711
9712
9713
9714
9800
9801
9802
9803
9804
9805
9806
9807
9808
9809
9810
9811
9812
9813
9814
9815
9816
9817
9818
9819
9820
9821
9822
9823
9824
9825
9826
9827
9828
9829
9830
9831
9832
9833
9834
9835
9836
9837
9838
9839
9840
9841
9842
9843
9844
9845
9846
9847
9848
9849
9850
9851
9852
9853
9854
9855
9856
9857
9858
9859
9860
9861
9862
9863
9864
9900
9901
9902
9903
9904
9905
9906
9907
9908
9909
9910
9911
9912
9913
9914
9915
9916
9917
9918
9919
9920
9921
9922
9923
9924
9925
9926
9927
9928
9929
9930
9931
9932
9933
9934
9935
9936
9937
9938
9939
9940
9941
9942
9943
9944
9945
9946
9947
9948
9949
9950
9951
9952
9953
9954
9955
9956
9957
9958
9959
9960
9961
9962
9963
9964
9965
9966
9967
9968
9969
10000
10001
10002
10003
10004
10005
10006
10007
10008
10009
10010
10011
10012
10013
10014
10015
10016
10017
10018
10019
10020
10021
10022
10023
10024
10025
10026
10027
10028
10029
10030
10031
10032
10033
10034
10035
10036
10037
10038
10039
10040
10041
10042
10043
10044
10045
10046
10047
10048
10049
10051
10052
10053
10054
10055
10056
10057
10058
10059
10060
10061
10062
10063
10064
10065
10066
10067
10068
10069
10070
10071
10072
10073
10074
10075
10076
10077
10078
10079
10080
10081
10082
10083
10084
10085
10086
10087
10088
10089
10090
10091
10092
10093
10094
10095
10096
10097
10098
10099
10100
10101
10102
10103
10104
10105
10106
10107
10108
10109
10110
10111
10112
10113
10114
10115
10116
10117
10118
10119
10155
10200
10201
10202
10203
10204
10205
10206
10207
10208
10209
10210
10211
10212
10213
10214
10215
10216
10217
10218
10219
10220
10221
10222
10223
10224
10225
10226
10227
10228
10229
10230
10231
10232
10233
10234
10235
10236
10237
10238
10239
10241
10242
10243
10244
10245
10246
10247
10248
10249
10250
10251
10252
10253
10254
10255
10256
10257
10258
10259
10261
10262
10263
10264
10265
10266
10267
10268
10269
10270
10271
10272
10273
10274
10275
10276
10277
10278
10279
10280
10281
10282
10283
10284
10285
10286
10287
10288
10289
10290
10291
10292
10293
10294
10295
10296
10297
10298
10299
10300
10301
10302
10303
10304
10400
10401
10402
10403
10404
10405
10406
10407
10408
10409
10410
10411
10412
10413
10414
10415
10416
10417
10418
10419
10420
10421
10422
10423
10424
10425
10426
10427
10428
10429
10430
10431
10432
10433
10434
10435
10436
10437
10438
10439
10440
10441
10442
10443
10444
10445
10446
10447
10448
10449
10450
10451
10452
10453
10454
10455
10456
10457
10458
10459
10460
10461
10462
10463
10464
10465
10466
10467
10468
10469
10470
10471
10472
10473
10474
10475
10476
10477
10478
10479
10480
10481
10482
10483
10484
10485
10486
10487
10488
10489
10490
10491
10492
10493
10494
10495
10496
10497
10498
10499
10500
10501
10502
10503
10504
10505
10506
10507
10508
10509
10510
10511
10512
10513
10514
10515
10516
10517
10518
10519
10520
10521
10522
10523
10524
10530
10600
10601
10602
10603
10604
10605
10606
10607
10608
10609
10610
10611
10612
10613
10614
10615
10616
10617
10618
10619
10620
10621
10622
10623
10624
10625
10626
10627
10628
10629
10630
10631
10632
10633
10634
10635
10636
10637
10638
10639
10640
10641
10642
10643
10644
10645
10646
10647
10648
10649
10650
10651
10652
10653
10654
10655
10656
10657
10658
10659
10660
10661
10662
10663
10664
10665
10666
10667
10668
10669
10670
10671
10672
10673
10674
10676
10677
10678
10679
10680
10681
10682
10683
10684
10685
10686
10687
10688
10689
10690
10691
10692
10693
10694
10695
10696
10697
10698
10699
10700
10701
10702
10703
10704
10705
10706
10707
10708
10709
10710
10711
10712
10713
10714
10715
10716
10717
10718
10719
10720
10721
10722
10723
10724
10750
10751
10752
10753
10754
10800
10801
10802
10803
10804
10805
10806
10807
10808
10809
10810
10811
10812
10813
10814
10815
10816
10817
10818
10819
10820
10821
10822
10823
10824
10825
10826
10827
10828
10829
10830
10831
10832
10833
10834
10835
10836
10837
10838
10839
10840
10841
10842
10843
10844
10845
10846
10847
10848
10849
10850
10851
10852
10853
10854
10855
10856
10857
10858
10859
10900
10901
10902
10903
10904
10905
10906
10907
10908
10909
10910
10911
10912
10913
10914
10915
10916
10917
10918
10919
10920
10921
10922
10923
10924
10925
10926
10927
10928
10929
10930
10931
10932
10933
10934
10935
10936
10937
10938
10939
10940
10941
10942
10943
10944
10945
10946
10947
10948
10949
10950
10951
10952
10953
10954
10955
10956
10957
10958
10959
10960
10961
10962
10963
10964
10965
10966
10967
10968
10969
10970
10971
10972
10973
10974
10975
10976
10977
10978
10979
10980
10981
10982
10983
10984
10985
10986
10987
10988
10989
10990
10991
10992
10993
10994
11000
11001
11002
11003
11004
11005
11006
11007
11008
11009
11010
11011
11012
11013
11014
11015
11016
11017
11018
11019
11020
11021
11022
11023
11024
11025
11026
11027
11028
11029
11030
11031
11032
11033
11034
11035
11036
11037
11038
11039
11040
11041
11042
11043
11044
11045
11046
11047
11048
11049
11050
11051
11052
11053
11054
11055
11056
11057
11058
11059
11061
11062
11063
11064
11065
11066
11067
11068
11069
11070
11071
11072
11073
11074
11075
11076
11077
11078
11079
11080
11081
11082
11083
11084
11085
11086
11087
11088
11089
11090
11091
11092
11093
11094
11095
11096
11097
11098
11099
11100
11101
11102
11103
11104
11105
11106
11107
11108
11109
11200
11201
11202
11203
11204
11205
11206
11207
11208
11209
11210
11211
11212
11213
11214
11215
11216
11217
11218
11219
11220
11221
11222
11223
11224
11225
11226
11227
11228
11229
11230
11231
11232
11233
11234
11235
11236
11237
11238
11239
11240
11241
11242
11243
11244
11245
11246
11247
11248
11249
11250
11251
11252
11253
11254
11255
11256
11257
11258
11259
11260
11261
11262
11263
11264
11265
11266
11267
11268
11269
11270
11271
11272
11273
11274
11275
11276
11277
11278
11279
11280
11281
11282
11283
11284
11285
11286
11287
11288
11289
11290
11291
11292
11293
11294
11295
11296
11297
11298
11299
11300
11301
11302
11303
11304
11305
11306
11307
11308
11309
11310
11311
11312
11313
11314
11400
11401
11402
11403
11404
11405
11406
11407
11408
11409
11410
11411
11412
11413
11414
11415
11416
11417
11418
11419
11420
11421
11422
11423
11424
11425
11426
11427
11428
11429
11430
11431
11432
11433
11434
11435
11436
11437
11438
11439
11440
11441
11442
11443
11444
11445
11446
11447
11448
11449
11450
11451
11452
11453
11454
11455
11456
11457
11458
11459
11460
11461
11462
11463
11464
11500
11501
11502
11503
11504
11505
11506
11507
11508
11509
11510
11511
11512
11513
11514
11515
11516
11517
11518
11519
11520
11521
11522
11523
11524
11525
11526
11527
11528
11529
11530
11531
11532
11533
11534
11535
11536
11537
11538
11539
11540
11541
11542
11543
11544
11545
11546
11547
11548
11549
11550
11551
11552
11553
11554
11555
11556
11557
11558
11559
11560
11561
11562
11563
11564
11565
11566
11567
11568
11569
11570
11571
11572
11573
11574
11575
11576
11577
11578
11579
11600
11601
11602
11603
11604
11605
11606
11607
11608
11609
11610
11611
11612
11613
11614
11615
11616
11617
11618
11619
11620
11621
11622
11623
11624
11625
11626
11627
11628
11629
11630
11631
11632
11633
11634
11635
11636
11637
11638
11639
11640
11641
11642
11643
11644
11645
11646
11647
11648
11649
11650
11651
11652
11653
11654
11655
11656
11657
11658
11659
11660
11661
11662
11663
11664
11665
11666
11667
11668
11669
11700
11701
11702
11703
11704
11705
11706
11707
11708
11709
11710
11711
11712
11713
11714
11715
11716
11717
11718
11719
11720
11721
11722
11723
11724
11725
11726
11727
11728
11729
11730
11731
11732
11733
11734
11735
11736
11737
11738
11739
11740
11741
11742
11743
11744
11745
11746
11747
11748
11749
11750
11751
11752
11753
11754
11755
11756
11757
11758
11759
11760
11761
11762
11763
11764
11765
11766
11767
11768
11769
11770
11771
11772
11773
11774
11775
11776
11777
11778
11779
11780
11781
11782
11783
11784
11785
11786
11787
11788
11789
11790
11791
11792
11793
11794
11795
11796
11797
11798
11799
11800
11801
11802
11803
11804
11805
11806
11807
11808
11809
11810
11811
11812
11813
11814
11815
11816
11817
11818
11819
11820
11821
11822
11823
11824
11900
11901
11902
11903
11904
11905
11906
11907
11908
11909
11910
11911
11912
11913
11914
11915
11916
11917
11918
11919
11920
11921
11922
11923
11924
11925
11926
11927
11928
11929
11930
11931
11932
11933
11934
11935
11936
11937
11938
11939
11940
11941
11942
11943
11944
11945
11946
11947
11948
11949
11950
11951
11952
11953
11954
11955
11956
11957
11958
11959
11960
11961
11962
11963
11964
11965
11966
11967
11968
11969
11970
11971
11972
11973
11974
11975
11976
11977
11978
11979
11980
11981
11982
11983
11984
11985
11986
11987
11988
11989
11990
11991
11992
11993
11994
11995
11996
11997
11998
11999
12000
12001
12002
12003
12004
12005
12006
12007
12008
12009
12010
12011
12012
12013
12014
12100
12101
12102
12103
12104
12105
12106
12107
12108
12109
12110
12111
12112
12113
12114
12115
12116
12117
12118
12119
12120
12121
12122
12123
12124
12125
12126
12127
12128
12129
12130
12131
12132
12133
12134
12135
12136
12137
12138
12139
12140
12141
12142
12143
12144
12145
12146
12147
12148
12149
12150
12151
12152
12153
12154
12155
12156
12157
12158
12159
12160
12161
12162
12163
12164
12165
12166
12167
12168
12169
12170
12171
12172
12173
12174
12175
12176
12177
12178
12179
12180
12181
12182
12183
12184
12185
12186
12187
12188
12189
12190
12191
12192
12193
12194
12195
12196
12197
12198
12199
12200
12201
12202
12203
12204
12205
12206
12207
12208
12209
12210
12211
12212
12213
12214
12300
12301
12302
12303
12304
12305
12306
12307
12308
12309
12310
12311
12312
12313
12314
12315
12316
12317
12318
12319
12320
12321
12322
12323
12324
12325
12326
12327
12328
12329
12330
12331
12332
12333
12334
12335
12336
12337
12338
12339
12340
12341
12342
12343
12344
12345
12346
12347
12348
12349
12350
12351
12352
12353
12354
12400
12401
12402
12403
12404
12405
12406
12407
12408
12409
12410
12411
12412
12413
12414
12415
12416
12417
12418
12419
12420
12421
12422
12423
12424
12425
12426
12427
12428
12429
12430
12431
12432
12433
12434
12435
12436
12437
12438
12439
12440
12441
12442
12443
12444
12445
12446
12447
12448
12449
12500
12501
12502
12503
12504
12505
12506
12507
12508
12509
12510
12511
12512
12513
12514
12515
12516
12517
12518
12519
12520
12521
12522
12523
12524
12525
12526
12527
12528
12529
12530
12531
12532
12533
12534
12535
12536
12537
12538
12539
12540
12541
12542
12543
12544
12545
12546
12547
12548
12549
12550
12551
12552
12553
12554
12555
12556
12557
12558
12600
12601
12602
12603
12604
12605
12606
12607
12608
12609
12610
12611
12612
12613
12614
12615
12616
12617
12618
12619
12620
12621
12622
12623
12624
12625
12626
12627
12628
12629
12630
12631
12632
12633
12634
12635
12636
12637
12638
12639
12640
12641
12642
12643
12644
12645
12646
12647
12648
12649
12650
12651
12652
12653
12654
12655
12656
12657
12658
12659
12660
12661
12662
12663
12664
12665
12666
12667
12668
12669
12670
12671
12672
12673
12674
12675
12676
12677
12678
12679
12680
12681
12682
12683
12684
12685
12686
12687
12688
12689
12690
12691
12692
12693
12694
12695
12696
12697
12698
12699
12800
12801
12802
12803
12804
12805
12806
12807
12808
12809
12810
12811
12812
12813
12814
12815
12816
12817
12818
12819
12820
12821
12822
12823
12824
12825
12826
12827
12828
12829
12830
12831
12832
12833
12834
12835
12836
12837
12838
12839
12840
12841
12842
12843
12844
12845
12846
12847
12848
12849
12850
12851
12852
12853
12854
12855
12856
12857
12858
12859
12860
12861
12862
12863
12864
12865
12866
12867
12868
12869
12870
12871
12872
12873
12874
12875
12876
12877
12878
12879
12880
12881
12882
12883
12884
12885
12886
12887
12888
12889
12900
12901
12902
12903
12904
12905
12906
12907
12908
12909
12911
12912
12913
12914
12915
12916
12917
12918
12919
12920
12921
12922
12923
12924
12925
12926
12927
12928
12929
12930
12931
12932
12933
12934
12935
12936
12937
12938
12939
12940
12941
12942
12943
12944
12945
12946
12947
12948
12949
12950
12951
12952
12953
12954
12955
12956
12957
12958
12959
13000
13001
13002
13003
13004
13005
13006
13007
13008
13009
13011
13012
13013
13014
13015
13016
13017
13018
13019
13020
13021
13022
13023
13024
13025
13026
13027
13028
13029
13030
13031
13032
13033
13034
13035
13036
13037
13038
13039
13040
13041
13042
13043
13044
13045
13046
13047
13048
13049
13050
13051
13052
13053
13054
13055
13056
13057
13058
13059
13060
13061
13062
13063
13064
13100
13101
13102
13103
13104
13105
13106
13107
13108
13109
13110
13111
13112
13113
13114
13115
13116
13117
13118
13119
13120
13121
13122
13123
13124
13125
13126
13127
13128
13129
13130
13131
13132
13133
13134
13135
13136
13137
13138
13139
13140
13141
13142
13143
13144
13145
13146
13147
13148
13149
13150
13151
13152
13153
13154
13155
13156
13157
13158
13159
13160
13161
13162
13163
13164
13165
13166
13167
13168
13169
13170
13171
13172
13173
13174
13175
13176
13177
13178
13179
13180
13181
13182
13183
13184
13185
13186
13187
13188
13189
13190
13191
13192
13193
13194
13300
13301
13302
13303
13304
13305
13306
13307
13308
13309
13310
13311
13312
13313
13314
13315
13316
13317
13318
13319
13320
13321
13322
13323
13324
13325
13326
13327
13328
13329
13330
13331
13332
13333
13334
13335
13336
13337
13338
13339
13340
13341
13342
13343
13344
13345
13346
13347
13348
13349
13350
13351
13352
13353
13354
13355
13356
13357
13358
13359
13360
13361
13362
13363
13364
13365
13366
13367
13368
13369
13370
13371
13372
13373
13374
14000
14001
14002
14050
14051
14100
14101
14150
14151
14152
14200
14201
14202
14250
14251
14252
14300
14350
14351
14352
14353
14400
14401
14402
14403
14404
14450
14500
15000
15001
15002
15020
15021
15022
15023
15024
15060
15070
15075
15076
15080
15081
15090
15100
15105
15110
15120
15125
15130
15135
15145
15155
15160
15170
15175
15180
15181
15182
15185
15190
15195
15200
15210
15211
15220
15221
15250
15255
15265
15300
15301
15302
15305
15310
15315
15320
15321
15322
15325
15335
15400
15410
15411
15430
15450
15455
15470
15471
15472
15475
15480
15500
15510
15511
15512
15530
15531
15550
15555
15581
15600
15610
15611
15630
15650
15655
15680
15690
15700
15710
15720
15730
15740
15741
15742
15743
15744
15745
15746
15750
15755
15760
15761
15766
15770
15775
15780
15781
15790
15795
15800
15801
15810
15815
15830
15840
15841
15842
15845
15850
15851
15852
15853
15870
15880
15900
15910
15911
15922
15925
15930
15935
15940
15945
15950
15951
15952
15955
15956
15957
15965
15966
15967
15970
15971
15975
15985
15990
16000
16010
16030
16031
16032
16033
16034
16035
16036
16037
16038
16039
16080
16081
16090
16100
16105
16120
16130
16131
16132
16133
16134
16135
16160
16161
16162
16163
16164
16165
16175
16180
16185
16190
16200
16210
16215
16230
16235
16240
16245
16250
16260
16265
16300
16305
16306
16315
16320
16321
16380
16381
16382
16400
16410
16411
16412
16430
16460
16470
16471
16472
16485
16490
16500
16510
16511
16530
16535
16540
16545
16550
16555
16556
16557
16570
16571
16572
16590
16591
16600
16605
16606
16620
16621
16622
16623
16624
16625
16626
16627
16628
16629
16630
16631
16632
16650
16660
16665
16666
16675
16680
16681
16700
16701
16702
16703
16704
16710
16711
16712
16730
16740
16741
16742
16743
16745
16746
16755
16760
16800
16805
16810
16815
16820
16821
16840
16845
16900
16910
16920
16925
16930
17000
17001
17002
17020
17030
17035
17036
17040
17041
17042
17050
17051
17052
17053
17100
17105
17106
17120
17130
17135
17140
17141
17142
17143
17144
17145
17150
17153
17158
17160
17165
17170
17175
17180
17185
17186
17200
17205
17210
17215
17220
17225
17228
17230
17235
17240
17245
17246
17255
17260
17265
17266
17280
17285
17287
17290
17291
17292
17310
17320
17321
17322
17323
17324
17325
17326
17360
17361
17362
17370
17371
17372
17385
17386
17387
17390
17391
17410
17420
17430
17440
17441
17450
17460
17465
17470
17480
17485
17486
17487
17500
17505
17506
17515
17520
17521
17540
17550
17555
17556
17557
17558
17600
17610
17611
17625
17626
17627
17630
17635
17636
17637
17640
17650
17655
17660
17670
17671
17672
17673
17675
17680
17685
17690
17695
17700
17705
17710
17720
17725
17740
17750
17751
17752
17753
17755
17760
17765
17770
17771
17772
17773
17800
17805
17810
17815
17820
17821
17822
17832
17835
17836
17837
17838
17860
17861
17870
17871
17872
17873
17874
17905
17910
17915
17916
17930
17935
17936
17937
17945
17947
17950
17955
17970
17971
17972
17973
17990
17995
18000
18001
18002
18005
18010
18011
18012
18015
18020
18025
18030
18031
18032
18050
18051
18052
18055
18057
18060
18061
18062
18080
18081
18090
18094
18096
18102
18104
18110
18115
18120
18121
18122
18123
18124
18125
18160
18170
18171
18172
18185
18187
18190
18192
18193
18300
18310
18320
18330
18340
18350
18355
18360
18361
18370
18371
18380
18390
18395
18400
18405
18500
18501
18510
18511
18512
18530
18535
18536
18537
18540
18541
18542
18545
18550
18551
18552
18553
18570
18571
18572
18575
18577
18580
18581
18582
18585
18586
18650
18651
18670
18675
18676
18677
18680
18685
18686
18687
18688
18689
18720
18725
18750
18810
18811
18820
18830
18831
18832
18850
18852
18855
18860
18861
18862
18865
18870
18871
18872
18875
18880
18881
18882
18895
18896
18897
18900
18905
18906
18910
18911
18920
18921
18930
18940
18945
19000
19010
19011
19020
19021
19030
19031
19032
19033
19050
19055
19056
19057
19070
19075
19080
19081
19090
19092
19094
19095
19100
19105
19110
19120
19121
19122
19135
19145
19150
19155
19160
19165
19170
19175
19180
19190
19205
19210
19215
19220
19221
19222
19230
19235
19236
19250
19255
19260
19265
19270
19275
19285
19286
19300
19301
19315
19320
19325
19335
19345
19350
19360
19361
19362
19380
19385
19390
19391
19405
19410
19411
19420
19421
19422
19430
19431
19432
19435
19436
19437
19440
19445
19450
19455
19460
19465
19470
19475
19480
19481
19482
19483
19520
19521
19530
19535
19536
19545
19548
19555
19557
19560
19566
19570
19571
19572
19573
19590
19595
19597
19600
19602
19603
19610
19615
19620
19625
19630
19631
19640
19645
19650
19660
19665
19670
19675
19680
19685
19686
19695
19696
19705
19710
19715
19720
19721
19722
19723
19725
19730
19740
19745
19750
19760
19761
19770
19775
19780
19781
19790
19791
19800
19801
19802
19810
19811
19812
19815
19820
19821
19830
19831
19832
19840
19841
19842
19855
19856
19857
19860
19865
19866
19880
19881
19882
19883
19895
19900
19901
19910
19915
19920
19925
19930
19935
19940
19945
19950
19955
19960
19965
19970
19975
19980
19985
19990
19995
20000
20005
20010
20015
20020
20025
20030
20031
20040
20045
20050
20051
20060
20080
20085
20090
20095
20096
20103
20105
20107
20109
20115
20140
20141
20150
20160
20161
20162
20170
20175
20177
20180
20185
20190
20195
20200
20205
20210
20220
20225
20230
20235
20236
20250
20252
20260
20261
20262
20265
20270
20285
20290
20295
20300
20305
20315
20340
20345
20350
20355
20360
20361
20362
20363
20364
20390
20395
20396
20397
20400
20402
20405
20406
20407
20417
20420
20421
20422
20425
20426
20440
20445
20446
20447
20460
20461
20462
20465
20470
20471
20472
20475
20480
20485
20486
20491
20500
20510
20515
20516
20517
20520
20525
20526
20535
20540
20541
20542
20555
20556
20565
20566
20570
20575
20580
20582
20585
20587
20590
20591
20592
20593
20595
20600
20605
20610
20615
20620
20621
20630
20631
20638
20640
20641
20642
20645
20650
20655
20656
20657
20660
20665
20670
20671
20750
20755
20760
20765
20770
20780
20785
20790
20795
20800
20803
20805
20807
20810
20811
20818
20820
20825
20830
20835
20840
20845
20850
20855
20860
20862
20865
20872
20875
20880
20885
20890
20895
20900
20910
20915
20920
20925
20930
20931
20932
20935
20940
20950
20955
20960
20965
20980
20990
20995
21000
21005
21010
21015
21020
21025
21030
21035
21040
21045
21050
21055
21060
21065
21070
21075
21080
21085
21090
21095
21100
21110
21115
21120
21125
21130
21131
21132
21133
21134
21135
21136
21137
21138
21140
21141
21142
21160
21165
21170
21175
21180
21185
21190
21191
21200
21205
21210
21215
21300
21301
21302
21303
21305
21310
21311
21312
21313
21315
21320
21325
21330
21335
21336
21345
21350
21360
21361
21362
21363
21370
21371
21372
21373
21375
21380
21390
21400
21401
21402
21403
21405
21410
21450
21455
21460
21465
21466
21475
21480
21485
21490
21495
21500
21505
21510
21515
21516
21530
21535
21540
21545
21560
21565
21570
21572
21575
21580
21581
21590
21600
21601
21602
21603
21604
21605
21606
21607
21608
21609
21610
21611
21612
21613
21614
21660
21700
21705
21710
21715
21720
21721
21722
21725
21726
21727
21730
21731
21732
21735
21736
21737
21740
21750
21755
21756
21757
21760
21765
21770
21771
21780
21785
21790
21795
21800
21801
21805
21810
21815
21820
21825
21830
21835
21840
21841
21842
21843
21844
21865
21870
21880
21881
21890
21895
21900
21901
21910
21911
21920
21930
21940
21941
21950
21955
21960
21961
21966
21971
21975
21978
21979
21980
21982
21985
21990
21995
22000
22005
22006
22015
22020
22025
22030
22035
22040
22045
22050
22055
22065
22070
22071
22080
22081
22082
22083
22085
22090
22100
22101
22102
22103
22105
22110
22120
22121
22122
22123
22125
22130
22135
22140
22141
22142
22143
22145
22150
22160
22161
22162
22163
22170
22200
22205
22210
22211
22212
22213
22215
22220
22221
22222
22235
22240
22245
22250
22255
22260
22261
22275
22276
22285
22290
22291
22295
22296
22302
22303
22310
22315
22316
22325
22330
22335
22340
22341
22342
22343
22344
22345
22350
22355
22360
22365
22400
22405
22410
22411
22412
22425
22426
22440
22441
22442
22445
22450
22460
22465
22470
22475
22480
22485
22486
22492
22495
22496
22500
22501
22502
22505
22510
22515
22520
22525
22526
22527
22540
22541
22550
22551
22552
22555
22560
22561
22570
22573
22578
22590
22591
22600
22610
22615
22616
22617
22620
22625
22626
22627
22630
22633
22640
22645
22650
22652
22660
22663
22664
22670
22675
22676
22677
22680
22685
22686
22687
22695
22700
22800
22805
22806
22807
22810
22815
22816
22817
22820
22825
22830
22835
22836
22837
22840
22845
22846
22847
22850
22855
22860
22866
22867
22870
22875
22885
22886
22887
22890
22895
22900
22905
22915
22916
22917
22920
22925
22930
22931
22932
22933
22950
22951
22952
22955
22958
22962
22965
22970
22971
22972
22975
22980
22985
22995
23000
23005
23010
23015
23020
23025
23030
23035
23040
23045
23050
23055
23060
23065
23070
23075
23080
23085
23500
23501
23502
23503
23505
23512
23515
23520
23521
23522
23525
23530
23531
23550
23555
23556
23557
23560
23565
23566
23567
23570
23575
23576
23600
23605
23610
23615
23620
23630
23631
23640
23650
23651
23652
23665
23666
23667
23670
23671
23675
23680
23681
23682
23685
23690
23691
23710
23711
23720
23721
23722
23723
23740
23741
23742
23743
23744
23745
23746
23747
23748
23749
23750
23751
23755
23760
23761
23762
23800
23805
23810
23815
23816
23817
23820
23825
23830
23831
23832
23835
23840
23841
23850
23852
23855
23860
23865
23866
23867
23870
23875
23876
23880
23881
23882
23883
23884
23900
23905
23910
23915
23916
23925
23930
23935
23940
23941
23942
23945
23950
23951
23952
23953
23970
23971
23972
23973
23974
23975
23976
24010
24015
24020
24021
24030
24031
24040
24041
24050
24055
24060
24065
24066
24067
24080
24081
24085
24086
24090
24091
24092
24093
24094
24095
24096
24097
24127
24130
24135
24200
24201
24202
24210
24215
24220
24221
24230
24231
24240
24245
24246
24247
24250
24255
24260
24261
24262
24270
24275
24276
24277
24280
24285
24290
24291
24292
24295
24300
24310
24311
24312
24325
24326
24330
24340
24380
24385
24390
24395
24400
24405
24410
24415
24420
24425
24430
24450
24455
24460
24465
24470
24475
24480
24485
24490
24491
24492
24495
24500
24505
24550
24555
24556
24570
24580
24590
24591
24600
24601
24610
24611
24612
24615
24620
24625
24630
24640
24641
24642
24643
24645
24650
24660
24665
24675
24685
24690
24700
24705
24710
24720
24722
24726
24729
24731
24736
24740
24745
24750
24755
24760
24765
24770
24772
24773
24785
24790
24800
24805
24810
24815
24818
24820
24825
24830
24831
24840
24845
24850
24860
24870
24871
24880
24881
24882
24885
24892
24893
24900
24901
24902
24903
24930
24935
24940
24945
24950
24955
24956
24965
24970
24980
24990
24991
25000
25005
25010
25011
25020
25030
25035
25040
25050
25090
25100
25105
25110
25115
25120
25125
25126
25135
25140
25150
25160
25161
25162
25163
25164
25165
25190
25200
25210
25215
25220
25225
25230
25235
25238
25240
25245
25250
25255
25260
25265
25266
25280
25281
25282
25283
25300
25305
25310
25315
25350
25351
25370
25380
25390
25391
25392
25393
25394
25400
25405
25410
25415
25420
25421
25435
25440
25450
25455
25470
25480
25485
25490
25495
25500
25505
25506
25515
25525
25530
25535
25540
25545
25555
25556
25570
25575
25600
25601
25608
25610
25611
25612
25613
25626
25630
25631
25640
25650
25655
25670
25671
25680
25681
25690
25700
25750
25760
25765
25766
25775
25782
25790
25791
25792
25795
25800
25805
25810
25811
25820
25825
25826
25827
25828
25829
25830
25831
25832
25833
25834
25835
25836
25850
25855
25856
25860
25861
25870
25880
25900
25901
25915
25920
25922
25925
25926
25927
25935
25940
25941
25942
25945
25950
25951
25952
25955
25960
25965
25966
25967
25970
25975
25976
25977
25980
25985
25990
25991
26000
26005
26100
26101
26102
26110
26111
26112
26130
26135
26136
26137
26140
26141
26142
26165
26175
26190
26195
26200
26205
26206
26207
26216
26220
26221
26230
26231
26232
26245
26250
26255
26260
26265
26270
26275
26280
26281
26282
26283
26285
26290
26291
26292
26310
26320
26325
26330
26335
26340
26350
26360
26370
26380
26385
26386
26400
26410
26411
26420
26425
26430
26435
26440
26445
26450
26455
26460
26461
26462
26463
26464
26470
26471
26472
26473
26474
26480
26481
26482
26483
26484
26490
26491
26492
26493
26494
26495
26500
26505
26510
26515
26520
26522
26524
26526
26528
26530
26532
26534
26536
26540
26545
27000
27001
27010
27020
27030
27035
27040
27041
27042
27045
27050
27052
27055
27056
27057
27060
27065
27067
27070
27071
27072
27075
27080
27081
27095
27120
27125
27200
27205
27207
27210
27215
27220
27221
27222
27230
27240
27250
27251
27300
27305
27306
27307
27310
27311
27330
27331
27350
27351
27370
27371
27380
27390
27391
27410
27411
27420
27421
27422
27430
27432
27435
27442
27450
27455
27457
27470
27475
27480
27485
27486
27487
27488
27510
27520
27521
27522
27523
27540
27545
27550
27555
27600
27610
27611
27612
27630
27631
27632
27633
27655
27656
27657
27670
27675
27680
27685
27690
27695
27696
27697
27700
27701
27710
27711
27712
27715
27720
27730
27731
27732
27735
27736
27737
27740
27745
27746
27747
27750
27760
27761
27780
27781
27800
27805
27806
27820
27821
27830
27831
27850
27851
27852
27853
27854
27855
27856
27910
27920
27921
27922
27955
27956
27957
27960
27961
27962
27980
27981
27990
27991
27992
28100
28101
28102
28103
28104
28130
28131
28140
28145
28150
28151
28160
28161
28162
28163
28164
28165
28166
28210
28211
28212
28220
28230
28240
28245
28250
28260
28261
28262
28280
28281
28282
28283
28284
28310
28311
28312
28313
28400
28401
28402
28403
28404
28550
28555
28556
28570
28571
28572
28580
28590
28591
28592
28610
28611
28612
28613
28614
28615
28616
28617
28650
28660
28661
28670
28671
28672
28673
28674
28675
28676
28677
29000
29005
29010
29011
29012
29015
29020
29025
29027
29030
29035
29036
29045
29050
29051
29080
29100
29105
29108
29110
29115
29120
29125
29130
29131
29132
29135
29140
29141
29150
29165
29170
29200
29201
29202
29215
29216
29217
29220
29221
29230
29235
29240
29245
29250
29255
29260
29261
29262
29270
29275
29300
29310
29315
29316
29317
29320
29325
29326
29335
29340
29341
29342
29345
29350
29400
29403
29405
29410
29415
29420
29425
29435
29436
29437
29440
29445
29450
29500
29505
29510
29515
29520
29522
29525
29530
29540
29550
29590
29591
29592
29600
29602
29605
29608
29609
29620
29621
29630
29650
29653
29655
29656
29665
29670
29671
29680
29700
29710
29715
29750
29755
29756
29800
29810
29820
29830
29840
29850
29860
29870
29880
29885
29886
29887
29900
29901
29910
29915
29930
29940
29945
29950
29960
29970
29975
29980
31595
31600
31605
31610
31615
31620
31625
31630
31635
31640
31645
31650
31655
31656
31657
31660
31665
31670
31675
31680
31685
31690
31700
31705
31710
31715
31720
31725
31730
31735
31740
31745
31750
31755
31760